60	7

250	175	175	175	300	100	350	225	275	125	200	175	125	175	350	175	225	275	300	125	150	300	175	125	175	225	225	150	225	225	275	300	300	300	275	250	175	200	300	100	175	125	250	150	100	225	150	200	150	200	200	125	125	150	125	300	300	350	225	175	

4	55	92	126	115	74	136	72	83	119	141	78	79	38	126	44	132	27	97	118	14	124	28	6	62	106	22	103	41	19	32	48	6	75	63	4	55	92	126	115	74	136	72	83	119	141	78	79	38	126	44	132	27	97	118	14	124	28	6	62	

600	600	600	600	600	600	600	600	600	600	600	600	600	600	600	600	600	600	600	600	600	600	600	600	600	600	600	600	600	600	600	600	600	600	600	600	600	600	600	600	600	600	600	600	600	600	600	600	600	600	600	600	600	600	600	600	600	600	600	600	

14	600
14	600
14	600
14	600
14	600
14	600
14	600

0	225
175	125
100	125
100	125
125	125
100	75
250	0

22	20	18	44	16	26	22	12	14	14	24	20	24	18	14	24	16	18	14	18	44	18	22	16	22	32	16	10	18	24	0	0	0	0	0	22	20	18	44	16	26	22	12	14	14	24	20	24	18	14	24	16	18	14	18	44	18	22	16	22	
22	20	18	44	16	26	22	12	14	14	24	20	24	18	14	24	16	18	14	18	44	18	22	16	22	32	16	10	18	24	21	21	24	33	33	22	20	18	44	16	26	22	12	14	14	24	20	24	18	14	24	16	18	14	18	44	18	22	16	22	
44	40	36	88	32	52	44	24	28	28	48	40	48	36	28	48	32	36	28	36	88	36	44	32	44	64	32	20	36	48	14	14	16	22	22	44	40	36	88	32	52	44	24	28	28	48	40	48	36	28	48	32	36	28	36	88	36	44	32	44	
44	40	36	88	32	52	44	24	28	28	48	40	48	36	28	48	32	36	28	36	88	36	44	32	44	64	32	20	36	48	14	14	16	22	22	44	40	36	88	32	52	44	24	28	28	48	40	48	36	28	48	32	36	28	36	88	36	44	32	44	
44	40	36	88	32	52	44	24	28	28	48	40	48	36	28	48	32	36	28	36	88	36	44	32	44	64	32	20	36	48	21	21	24	33	33	44	40	36	88	32	52	44	24	28	28	48	40	48	36	28	48	32	36	28	36	88	36	44	32	44	
44	40	36	88	32	52	44	24	28	28	48	40	48	36	28	48	32	36	28	36	88	36	44	32	44	64	32	20	36	48	28	28	32	44	44	44	40	36	88	32	52	44	24	28	28	48	40	48	36	28	48	32	36	28	36	88	36	44	32	44	
44	40	36	88	32	52	44	24	28	28	48	40	48	36	28	48	32	36	28	36	88	36	44	32	44	64	32	20	36	48	35	35	40	55	55	44	40	36	88	32	52	44	24	28	28	48	40	48	36	28	48	32	36	28	36	88	36	44	32	44	
