30	3

150	300	300	200	125	325	125	175	150	100	200	250	275	300	225	125	125	225	175	125	150	300	300	125	125	175	250	275	125	300	

71	90	39	17	12	117	94	29	43	79	2	129	123	43	5	48	98	23	20	73	88	17	37	61	92	71	90	39	17	12	

600	600	600	600	600	600	600	600	600	600	600	600	600	600	600	600	600	600	600	600	600	600	600	600	600	600	600	600	600	600	

12	600
12	600
12	600

0	225
175	125
250	0

20	44	22	14	12	30	28	6	26	22	20	16	26	14	18	34	28	16	12	20	18	8	0	0	0	20	44	22	14	12	
20	44	22	14	12	30	28	6	26	22	20	16	26	14	18	34	28	16	12	20	18	8	18	30	24	20	44	22	14	12	
40	88	44	28	24	60	56	12	52	44	40	32	52	28	36	68	56	32	24	40	36	16	12	20	16	40	88	44	28	24	
