30
3
25 28 127 73 103 117 118 71 85 51 115 73 69 85 96 122 29 77 10 7 28 23 52 85 119 25 28 127 73 103 
16 16 16 
14 14 28 
24 24 48 
20 20 40 
10 10 20 
10 10 20 
20 20 40 
20 20 40 
12 12 24 
10 10 20 
32 32 64 
26 26 52 
10 10 20 
22 22 44 
30 30 60 
18 18 36 
14 14 28 
32 32 64 
8 8 16 
14 14 28 
12 12 24 
14 14 28 
16 16 32 
99999 21 14 
99999 30 20 
99999 30 20 
14 14 28 
24 24 48 
20 20 40 
10 10 20 
10 10 20 
600 600 600 
600 600 600 600 600 600 600 600 600 600 600 600 600 600 600 600 600 600 600 600 600 600 600 600 600 600 600 600 600 600 
0 225
175 125
250 0
175 100 350 300 225 200 300 175 300 250 150 150 225 300 300 150 175 150 100 100 125 125 300 150 325 300 125 225 175 225 