40
5
89 97 2 55 73 69 14 105 119 108 77 140 87 71 114 1 4 11 62 29 96 21 60 117 37 89 97 2 55 73 69 14 105 119 108 77 140 87 71 114 
12 12 12 12 12 
22 22 44 44 44 
12 12 24 24 24 
36 36 72 72 72 
18 18 36 36 36 
26 26 52 52 52 
16 16 32 32 32 
22 22 44 44 44 
18 18 36 36 36 
44 44 88 88 88 
26 26 52 52 52 
48 48 96 96 96 
30 30 60 60 60 
48 48 96 96 96 
16 16 32 32 32 
18 18 36 36 36 
18 18 36 36 36 
14 14 28 28 28 
14 14 28 28 28 
20 20 40 40 40 
42 42 84 84 84 
14 14 28 28 28 
20 20 40 40 40 
99999 21 14 14 21 
99999 24 16 16 24 
99999 36 24 24 36 
22 22 44 44 44 
12 12 24 24 24 
36 36 72 72 72 
18 18 36 36 36 
26 26 52 52 52 
16 16 32 32 32 
22 22 44 44 44 
18 18 36 36 36 
44 44 88 88 88 
26 26 52 52 52 
48 48 96 96 96 
30 30 60 60 60 
48 48 96 96 96 
16 16 32 32 32 
18 18 36 36 36 
600 600 600 600 600 
600 600 600 600 600 600 600 600 600 600 600 600 600 600 600 600 600 600 600 600 600 600 600 600 600 600 600 600 600 600 600 600 600 600 600 600 600 600 600 600 
0 225
175 125
100 125
100 125
250 0
300 300 275 225 150 150 225 150 100 200 125 175 175 100 300 175 175 325 125 225 225 150 150 200 225 300 150 125 300 150 225 275 225 325 175 275 125 275 150 225 