40
7
64 99 75 83 64 54 52 125 42 102 58 131 127 75 111 23 84 6 97 62 131 3 94 87 85 64 99 75 83 64 54 52 125 42 102 58 131 127 75 111 
13 13 13 13 13 13 13 
24 24 48 48 48 48 48 
14 14 28 28 28 28 28 
36 36 72 72 72 72 72 
20 20 40 40 40 40 40 
20 20 40 40 40 40 40 
20 20 40 40 40 40 40 
30 30 60 60 60 60 60 
16 16 32 32 32 32 32 
18 18 36 36 36 36 36 
8 8 16 16 16 16 16 
20 20 40 40 40 40 40 
20 20 40 40 40 40 40 
28 28 56 56 56 56 56 
26 26 52 52 52 52 52 
16 16 32 32 32 32 32 
10 10 20 20 20 20 20 
16 16 32 32 32 32 32 
18 18 36 36 36 36 36 
12 12 24 24 24 24 24 
24 24 48 48 48 48 48 
16 16 32 32 32 32 32 
26 26 52 52 52 52 52 
99999 36 24 24 36 48 60 
99999 39 26 26 39 52 65 
99999 27 18 18 27 36 45 
24 24 48 48 48 48 48 
14 14 28 28 28 28 28 
36 36 72 72 72 72 72 
20 20 40 40 40 40 40 
20 20 40 40 40 40 40 
20 20 40 40 40 40 40 
30 30 60 60 60 60 60 
16 16 32 32 32 32 32 
18 18 36 36 36 36 36 
8 8 16 16 16 16 16 
20 20 40 40 40 40 40 
20 20 40 40 40 40 40 
28 28 56 56 56 56 56 
26 26 52 52 52 52 52 
16 16 32 32 32 32 32 
500 500 500 500 500 500 500 
500 500 500 500 500 500 500 500 500 500 500 500 500 500 500 500 500 500 500 500 500 500 500 500 500 500 500 500 500 500 500 500 500 500 500 500 500 500 500 500 
0 225
175 125
100 125
100 125
125 125
100 75
250 0
275 200 175 150 250 250 200 125 200 125 175 300 150 300 225 175 125 300 175 225 125 150 300 225 300 300 150 150 325 300 150 150 150 100 175 300 350 325 350 225 