40
5
94 51 37 115 93 5 84 83 1 70 102 87 95 28 86 20 9 72 103 52 120 21 141 77 83 94 51 37 115 93 5 84 83 1 70 102 87 95 28 86 
12 12 12 12 12 
24 24 48 48 48 
30 30 60 60 60 
16 16 32 32 32 
14 14 28 28 28 
42 42 84 84 84 
28 28 56 56 56 
14 14 28 28 28 
14 14 28 28 28 
24 24 48 48 48 
14 14 28 28 28 
30 30 60 60 60 
44 44 88 88 88 
20 20 40 40 40 
36 36 72 72 72 
18 18 36 36 36 
14 14 28 28 28 
14 14 28 28 28 
10 10 20 20 20 
32 32 64 64 64 
12 12 24 24 24 
16 16 32 32 32 
20 20 40 40 40 
99999 21 14 14 21 
99999 39 26 26 39 
99999 21 14 14 21 
24 24 48 48 48 
30 30 60 60 60 
16 16 32 32 32 
14 14 28 28 28 
42 42 84 84 84 
28 28 56 56 56 
14 14 28 28 28 
14 14 28 28 28 
24 24 48 48 48 
14 14 28 28 28 
30 30 60 60 60 
44 44 88 88 88 
20 20 40 40 40 
36 36 72 72 72 
18 18 36 36 36 
600 600 600 600 600 
600 600 600 600 600 600 600 600 600 600 600 600 600 600 600 600 600 600 600 600 600 600 600 600 600 600 600 600 600 600 600 600 600 600 600 600 600 600 600 600 
0 225
175 125
100 125
100 125
250 0
125 300 175 150 225 150 175 150 125 300 250 125 150 300 300 175 150 125 225 200 300 225 300 125 300 300 250 100 225 175 100 125 125 225 150 150 150 250 225 150 