40
7
92 72 108 81 37 48 67 139 67 127 36 72 97 39 53 70 13 41 25 6 43 40 139 32 31 92 72 108 81 37 48 67 139 67 127 36 72 97 39 53 
16 16 16 16 16 16 16 
14 14 28 28 28 28 28 
14 14 28 28 28 28 28 
18 18 36 36 36 36 36 
26 26 52 52 52 52 52 
24 24 48 48 48 48 48 
26 26 52 52 52 52 52 
12 12 24 24 24 24 24 
22 22 44 44 44 44 44 
10 10 20 20 20 20 20 
16 16 32 32 32 32 32 
24 24 48 48 48 48 48 
18 18 36 36 36 36 36 
26 26 52 52 52 52 52 
22 22 44 44 44 44 44 
24 24 48 48 48 48 48 
48 48 96 96 96 96 96 
28 28 56 56 56 56 56 
20 20 40 40 40 40 40 
16 16 32 32 32 32 32 
16 16 32 32 32 32 32 
18 18 36 36 36 36 36 
8 8 16 16 16 16 16 
99999 24 16 16 24 32 40 
99999 24 16 16 24 32 40 
99999 36 24 24 36 48 60 
14 14 28 28 28 28 28 
14 14 28 28 28 28 28 
18 18 36 36 36 36 36 
26 26 52 52 52 52 52 
24 24 48 48 48 48 48 
26 26 52 52 52 52 52 
12 12 24 24 24 24 24 
22 22 44 44 44 44 44 
10 10 20 20 20 20 20 
16 16 32 32 32 32 32 
24 24 48 48 48 48 48 
18 18 36 36 36 36 36 
26 26 52 52 52 52 52 
22 22 44 44 44 44 44 
24 24 48 48 48 48 48 
500 500 500 500 500 500 500 
500 500 500 500 500 500 500 500 500 500 500 500 500 500 500 500 500 500 500 500 500 500 500 500 500 500 500 500 500 500 500 500 500 500 500 500 500 500 500 500 
0 225
175 125
100 125
100 125
125 125
100 75
250 0
225 300 275 225 150 175 150 225 125 150 250 150 200 225 225 250 175 175 200 200 125 200 275 175 125 175 100 225 325 325 175 250 350 175 175 225 100 125 325 125 