40
7
6 129 92 18 115 38 81 69 34 6 121 68 97 3 34 31 126 68 108 25 18 54 138 61 112 6 129 92 18 115 38 81 69 34 6 121 68 97 3 34 
13 13 13 13 13 13 13 
16 16 32 32 32 32 32 
20 20 40 40 40 40 40 
44 44 88 88 88 88 88 
36 36 72 72 72 72 72 
10 10 20 20 20 20 20 
16 16 32 32 32 32 32 
16 16 32 32 32 32 32 
32 32 64 64 64 64 64 
16 16 32 32 32 32 32 
20 20 40 40 40 40 40 
10 10 20 20 20 20 20 
36 36 72 72 72 72 72 
12 12 24 24 24 24 24 
22 22 44 44 44 44 44 
16 16 32 32 32 32 32 
16 16 32 32 32 32 32 
18 18 36 36 36 36 36 
22 22 44 44 44 44 44 
14 14 28 28 28 28 28 
22 22 44 44 44 44 44 
20 20 40 40 40 40 40 
16 16 32 32 32 32 32 
99999 36 24 24 36 48 60 
99999 33 22 22 33 44 55 
99999 30 20 20 30 40 50 
16 16 32 32 32 32 32 
20 20 40 40 40 40 40 
44 44 88 88 88 88 88 
36 36 72 72 72 72 72 
10 10 20 20 20 20 20 
16 16 32 32 32 32 32 
16 16 32 32 32 32 32 
32 32 64 64 64 64 64 
16 16 32 32 32 32 32 
20 20 40 40 40 40 40 
10 10 20 20 20 20 20 
36 36 72 72 72 72 72 
12 12 24 24 24 24 24 
22 22 44 44 44 44 44 
16 16 32 32 32 32 32 
500 500 500 500 500 500 500 
500 500 500 500 500 500 500 500 500 500 500 500 500 500 500 500 500 500 500 500 500 500 500 500 500 500 500 500 500 500 500 500 500 500 500 500 500 500 500 500 
0 225
175 125
100 125
100 125
125 125
100 75
250 0
150 150 325 175 300 325 250 100 150 175 100 125 225 100 300 300 175 150 125 225 225 100 100 125 175 100 225 125 300 225 125 250 100 125 225 225 175 300 275 175 