40
5
8 22 20 36 43 21 54 139 9 22 39 63 105 57 131 25 123 89 113 51 20 19 121 17 136 8 22 20 36 43 21 54 139 9 22 39 63 105 57 131 
18 18 18 18 18 
12 12 24 24 24 
20 20 40 40 40 
14 14 28 28 28 
32 32 64 64 64 
18 18 36 36 36 
8 8 16 16 16 
24 24 48 48 48 
26 26 52 52 52 
32 32 64 64 64 
24 24 48 48 48 
14 14 28 28 28 
22 22 44 44 44 
18 18 36 36 36 
26 26 52 52 52 
18 18 36 36 36 
22 22 44 44 44 
18 18 36 36 36 
14 14 28 28 28 
30 30 60 60 60 
26 26 52 52 52 
16 16 32 32 32 
30 30 60 60 60 
99999 18 12 12 18 
99999 27 18 18 27 
99999 21 14 14 21 
12 12 24 24 24 
20 20 40 40 40 
14 14 28 28 28 
32 32 64 64 64 
18 18 36 36 36 
8 8 16 16 16 
24 24 48 48 48 
26 26 52 52 52 
32 32 64 64 64 
24 24 48 48 48 
14 14 28 28 28 
22 22 44 44 44 
18 18 36 36 36 
26 26 52 52 52 
18 18 36 36 36 
600 600 600 600 600 
600 600 600 600 600 600 600 600 600 600 600 600 600 600 600 600 600 600 600 600 600 600 600 600 600 600 600 600 600 600 600 600 600 600 600 600 600 600 600 600 
0 225
175 125
100 125
100 125
250 0
100 250 125 125 300 125 125 225 175 325 150 150 275 225 150 300 125 175 225 125 325 150 225 150 225 150 275 125 300 300 150 325 125 100 275 300 225 150 125 175 