40
7
69 54 110 143 85 134 121 103 68 64 84 134 115 132 51 55 101 2 15 47 86 52 54 105 67 69 54 110 143 85 134 121 103 68 64 84 134 115 132 51 
13 13 13 13 13 13 13 
26 26 52 52 52 52 52 
44 44 88 88 88 88 88 
16 16 32 32 32 32 32 
16 16 32 32 32 32 32 
26 26 52 52 52 52 52 
8 8 16 16 16 16 16 
18 18 36 36 36 36 36 
14 14 28 28 28 28 28 
14 14 28 28 28 28 28 
18 18 36 36 36 36 36 
16 16 32 32 32 32 32 
24 24 48 48 48 48 48 
20 20 40 40 40 40 40 
12 12 24 24 24 24 24 
16 16 32 32 32 32 32 
20 20 40 40 40 40 40 
26 26 52 52 52 52 52 
26 26 52 52 52 52 52 
22 22 44 44 44 44 44 
18 18 36 36 36 36 36 
22 22 44 44 44 44 44 
22 22 44 44 44 44 44 
99999 36 24 24 36 48 60 
99999 36 24 24 36 48 60 
99999 36 24 24 36 48 60 
26 26 52 52 52 52 52 
44 44 88 88 88 88 88 
16 16 32 32 32 32 32 
16 16 32 32 32 32 32 
26 26 52 52 52 52 52 
8 8 16 16 16 16 16 
18 18 36 36 36 36 36 
14 14 28 28 28 28 28 
14 14 28 28 28 28 28 
18 18 36 36 36 36 36 
16 16 32 32 32 32 32 
24 24 48 48 48 48 48 
20 20 40 40 40 40 40 
12 12 24 24 24 24 24 
16 16 32 32 32 32 32 
500 500 500 500 500 500 500 
500 500 500 500 500 500 500 500 500 500 500 500 500 500 500 500 500 500 500 500 500 500 500 500 500 500 500 500 500 500 500 500 500 500 500 500 500 500 500 500 
0 225
175 125
100 125
100 125
125 125
100 75
250 0
300 300 225 300 175 125 300 300 150 150 150 125 225 100 125 150 275 175 150 175 125 125 225 200 350 175 125 100 150 150 200 125 100 350 200 200 150 225 300 300 