40
7
122 18 65 138 104 22 82 4 17 110 112 106 14 66 44 104 73 38 44 20 34 62 7 98 65 122 18 65 138 104 22 82 4 17 110 112 106 14 66 44 
14 14 14 14 14 14 14 
18 18 36 36 36 36 36 
24 24 48 48 48 48 48 
22 22 44 44 44 44 44 
20 20 40 40 40 40 40 
4 4 8 8 8 8 8 
6 6 12 12 12 12 12 
28 28 56 56 56 56 56 
20 20 40 40 40 40 40 
6 6 12 12 12 12 12 
16 16 32 32 32 32 32 
42 42 84 84 84 84 84 
18 18 36 36 36 36 36 
18 18 36 36 36 36 36 
12 12 24 24 24 24 24 
36 36 72 72 72 72 72 
22 22 44 44 44 44 44 
6 6 12 12 12 12 12 
6 6 12 12 12 12 12 
12 12 24 24 24 24 24 
24 24 48 48 48 48 48 
20 20 40 40 40 40 40 
36 36 72 72 72 72 72 
99999 30 20 20 30 40 50 
99999 30 20 20 30 40 50 
99999 39 26 26 39 52 65 
18 18 36 36 36 36 36 
24 24 48 48 48 48 48 
22 22 44 44 44 44 44 
20 20 40 40 40 40 40 
4 4 8 8 8 8 8 
6 6 12 12 12 12 12 
28 28 56 56 56 56 56 
20 20 40 40 40 40 40 
6 6 12 12 12 12 12 
16 16 32 32 32 32 32 
42 42 84 84 84 84 84 
18 18 36 36 36 36 36 
18 18 36 36 36 36 36 
12 12 24 24 24 24 24 
36 36 72 72 72 72 72 
500 500 500 500 500 500 500 
500 500 500 500 500 500 500 500 500 500 500 500 500 500 500 500 500 500 500 500 500 500 500 500 500 500 500 500 500 500 500 500 500 500 500 500 500 500 500 500 
0 225
175 125
100 125
100 125
125 125
100 75
250 0
300 125 325 125 250 300 300 300 125 125 300 225 125 150 150 125 150 225 300 150 125 150 100 100 200 175 150 100 125 125 100 100 275 300 250 250 300 150 275 225 