55
10
97 29 6 113 107 51 132 37 21 95 114 104 120 30 114 94 101 75 141 29 13 1 88 104 97 97 29 6 113 107 51 132 37 21 95 114 104 120 30 114 94 101 75 141 29 13 1 88 104 97 97 29 6 113 107 
12 12 12 12 12 12 12 12 12 12 
14 14 28 28 28 28 28 28 28 28 
22 22 44 44 44 44 44 44 44 44 
16 16 32 32 32 32 32 32 32 32 
16 16 32 32 32 32 32 32 32 32 
18 18 36 36 36 36 36 36 36 36 
14 14 28 28 28 28 28 28 28 28 
6 6 12 12 12 12 12 12 12 12 
22 22 44 44 44 44 44 44 44 44 
16 16 32 32 32 32 32 32 32 32 
26 26 52 52 52 52 52 52 52 52 
22 22 44 44 44 44 44 44 44 44 
16 16 32 32 32 32 32 32 32 32 
32 32 64 64 64 64 64 64 64 64 
10 10 20 20 20 20 20 20 20 20 
16 16 32 32 32 32 32 32 32 32 
30 30 60 60 60 60 60 60 60 60 
18 18 36 36 36 36 36 36 36 36 
20 20 40 40 40 40 40 40 40 40 
36 36 72 72 72 72 72 72 72 72 
24 24 48 48 48 48 48 48 48 48 
6 6 12 12 12 12 12 12 12 12 
32 32 64 64 64 64 64 64 64 64 
99999 24 16 16 24 32 40 99999 99999 99999 
99999 36 24 24 36 48 60 99999 99999 99999 
99999 30 20 20 30 40 50 99999 99999 99999 
14 14 28 28 28 28 28 28 28 28 
22 22 44 44 44 44 44 44 44 44 
16 16 32 32 32 32 32 32 32 32 
16 16 32 32 32 32 32 32 32 32 
18 18 36 36 36 36 36 36 36 36 
14 14 28 28 28 28 28 28 28 28 
6 6 12 12 12 12 12 12 12 12 
22 22 44 44 44 44 44 44 44 44 
16 16 32 32 32 32 32 32 32 32 
26 26 52 52 52 52 52 52 52 52 
22 22 44 44 44 44 44 44 44 44 
16 16 32 32 32 32 32 32 32 32 
32 32 64 64 64 64 64 64 64 64 
10 10 20 20 20 20 20 20 20 20 
16 16 32 32 32 32 32 32 32 32 
30 30 60 60 60 60 60 60 60 60 
18 18 36 36 36 36 36 36 36 36 
20 20 40 40 40 40 40 40 40 40 
36 36 72 72 72 72 72 72 72 72 
24 24 48 48 48 48 48 48 48 48 
6 6 12 12 12 12 12 12 12 12 
32 32 64 64 64 64 64 64 64 64 
99999 24 16 16 24 32 40 99999 99999 99999 
99999 36 24 24 36 48 60 99999 99999 99999 
99999 30 20 20 30 40 50 99999 99999 99999 
14 14 28 28 28 28 28 28 28 28 
22 22 44 44 44 44 44 44 44 44 
16 16 32 32 32 32 32 32 32 32 
16 16 32 32 32 32 32 32 32 32 
18 18 36 36 36 36 36 36 36 36 
400 400 400 400 400 400 400 400 400 400 
400 400 400 400 400 400 400 400 400 400 400 400 400 400 400 400 400 400 400 400 400 400 400 400 400 400 400 400 400 400 400 400 400 400 400 400 400 400 400 400 400 400 400 400 400 400 400 400 400 400 400 400 400 400 400 
0 225
175 125
100 125
100 125
125 125
100 75
125 100
125 100
100 125
250 0
175 150 250 300 100 125 250 250 275 175 175 125 275 125 150 225 125 125 150 225 125 225 225 100 225 150 175 175 225 125 100 275 225 250 225 200 275 150 125 150 125 300 225 175 275 175 125 300 275 200 150 150 300 125 125 