55
10
74 69 7 16 26 19 142 128 64 104 14 89 25 88 66 109 35 91 38 87 50 92 105 30 26 74 69 7 16 26 19 142 128 64 104 14 89 25 88 66 109 35 91 38 87 50 92 105 30 26 74 69 7 16 26 
17 17 17 17 17 17 17 17 17 17 
12 12 24 24 24 24 24 24 24 24 
26 26 52 52 52 52 52 52 52 52 
20 20 40 40 40 40 40 40 40 40 
18 18 36 36 36 36 36 36 36 36 
22 22 44 44 44 44 44 44 44 44 
14 14 28 28 28 28 28 28 28 28 
22 22 44 44 44 44 44 44 44 44 
18 18 36 36 36 36 36 36 36 36 
18 18 36 36 36 36 36 36 36 36 
14 14 28 28 28 28 28 28 28 28 
16 16 32 32 32 32 32 32 32 32 
24 24 48 48 48 48 48 48 48 48 
32 32 64 64 64 64 64 64 64 64 
22 22 44 44 44 44 44 44 44 44 
14 14 28 28 28 28 28 28 28 28 
28 28 56 56 56 56 56 56 56 56 
20 20 40 40 40 40 40 40 40 40 
20 20 40 40 40 40 40 40 40 40 
10 10 20 20 20 20 20 20 20 20 
20 20 40 40 40 40 40 40 40 40 
38 38 76 76 76 76 76 76 76 76 
18 18 36 36 36 36 36 36 36 36 
99999 24 16 16 24 32 40 99999 99999 99999 
99999 21 14 14 21 28 35 99999 99999 99999 
99999 33 22 22 33 44 55 99999 99999 99999 
12 12 24 24 24 24 24 24 24 24 
26 26 52 52 52 52 52 52 52 52 
20 20 40 40 40 40 40 40 40 40 
18 18 36 36 36 36 36 36 36 36 
22 22 44 44 44 44 44 44 44 44 
14 14 28 28 28 28 28 28 28 28 
22 22 44 44 44 44 44 44 44 44 
18 18 36 36 36 36 36 36 36 36 
18 18 36 36 36 36 36 36 36 36 
14 14 28 28 28 28 28 28 28 28 
16 16 32 32 32 32 32 32 32 32 
24 24 48 48 48 48 48 48 48 48 
32 32 64 64 64 64 64 64 64 64 
22 22 44 44 44 44 44 44 44 44 
14 14 28 28 28 28 28 28 28 28 
28 28 56 56 56 56 56 56 56 56 
20 20 40 40 40 40 40 40 40 40 
20 20 40 40 40 40 40 40 40 40 
10 10 20 20 20 20 20 20 20 20 
20 20 40 40 40 40 40 40 40 40 
38 38 76 76 76 76 76 76 76 76 
18 18 36 36 36 36 36 36 36 36 
99999 24 16 16 24 32 40 99999 99999 99999 
99999 21 14 14 21 28 35 99999 99999 99999 
99999 33 22 22 33 44 55 99999 99999 99999 
12 12 24 24 24 24 24 24 24 24 
26 26 52 52 52 52 52 52 52 52 
20 20 40 40 40 40 40 40 40 40 
18 18 36 36 36 36 36 36 36 36 
22 22 44 44 44 44 44 44 44 44 
400 400 400 400 400 400 400 400 400 400 
400 400 400 400 400 400 400 400 400 400 400 400 400 400 400 400 400 400 400 400 400 400 400 400 400 400 400 400 400 400 400 400 400 400 400 400 400 400 400 400 400 400 400 400 400 400 400 400 400 400 400 400 400 400 400 
0 225
175 125
100 125
100 125
125 125
100 75
125 100
125 100
100 125
250 0
300 175 175 150 150 125 150 125 300 100 150 125 150 175 100 150 300 125 300 100 100 300 150 300 300 200 125 275 300 100 125 300 125 150 100 150 150 175 125 325 125 250 225 125 300 175 350 150 150 175 125 150 300 100 100 