55
10
85 121 78 136 66 35 137 83 114 28 64 97 1 59 90 30 68 83 18 58 104 47 24 67 134 85 121 78 136 66 35 137 83 114 28 64 97 1 59 90 30 68 83 18 58 104 47 24 67 134 85 121 78 136 66 
11 11 11 11 11 11 11 11 11 11 
14 14 28 28 28 28 28 28 28 28 
14 14 28 28 28 28 28 28 28 28 
18 18 36 36 36 36 36 36 36 36 
32 32 64 64 64 64 64 64 64 64 
6 6 12 12 12 12 12 12 12 12 
14 14 28 28 28 28 28 28 28 28 
30 30 60 60 60 60 60 60 60 60 
46 46 92 92 92 92 92 92 92 92 
36 36 72 72 72 72 72 72 72 72 
42 42 84 84 84 84 84 84 84 84 
44 44 88 88 88 88 88 88 88 88 
4 4 8 8 8 8 8 8 8 8 
16 16 32 32 32 32 32 32 32 32 
16 16 32 32 32 32 32 32 32 32 
16 16 32 32 32 32 32 32 32 32 
28 28 56 56 56 56 56 56 56 56 
20 20 40 40 40 40 40 40 40 40 
6 6 12 12 12 12 12 12 12 12 
44 44 88 88 88 88 88 88 88 88 
12 12 24 24 24 24 24 24 24 24 
18 18 36 36 36 36 36 36 36 36 
14 14 28 28 28 28 28 28 28 28 
99999 24 16 16 24 32 40 99999 99999 99999 
99999 39 26 26 39 52 65 99999 99999 99999 
99999 30 20 20 30 40 50 99999 99999 99999 
14 14 28 28 28 28 28 28 28 28 
14 14 28 28 28 28 28 28 28 28 
18 18 36 36 36 36 36 36 36 36 
32 32 64 64 64 64 64 64 64 64 
6 6 12 12 12 12 12 12 12 12 
14 14 28 28 28 28 28 28 28 28 
30 30 60 60 60 60 60 60 60 60 
46 46 92 92 92 92 92 92 92 92 
36 36 72 72 72 72 72 72 72 72 
42 42 84 84 84 84 84 84 84 84 
44 44 88 88 88 88 88 88 88 88 
4 4 8 8 8 8 8 8 8 8 
16 16 32 32 32 32 32 32 32 32 
16 16 32 32 32 32 32 32 32 32 
16 16 32 32 32 32 32 32 32 32 
28 28 56 56 56 56 56 56 56 56 
20 20 40 40 40 40 40 40 40 40 
6 6 12 12 12 12 12 12 12 12 
44 44 88 88 88 88 88 88 88 88 
12 12 24 24 24 24 24 24 24 24 
18 18 36 36 36 36 36 36 36 36 
14 14 28 28 28 28 28 28 28 28 
99999 24 16 16 24 32 40 99999 99999 99999 
99999 39 26 26 39 52 65 99999 99999 99999 
99999 30 20 20 30 40 50 99999 99999 99999 
14 14 28 28 28 28 28 28 28 28 
14 14 28 28 28 28 28 28 28 28 
18 18 36 36 36 36 36 36 36 36 
32 32 64 64 64 64 64 64 64 64 
6 6 12 12 12 12 12 12 12 12 
400 400 400 400 400 400 400 400 400 400 
400 400 400 400 400 400 400 400 400 400 400 400 400 400 400 400 400 400 400 400 400 400 400 400 400 400 400 400 400 400 400 400 400 400 400 400 400 400 400 400 400 400 400 400 400 400 400 400 400 400 400 400 400 400 400 
0 225
175 125
100 125
100 125
125 125
100 75
125 100
125 100
100 125
250 0
100 150 225 175 300 175 150 325 300 175 250 175 250 225 125 325 300 300 350 200 300 300 150 275 225 100 350 225 275 300 175 225 300 175 225 100 125 100 300 125 100 300 150 225 150 300 300 350 125 175 175 300 350 125 200 