55
7
121 70 57 4 14 70 22 38 51 54 140 50 13 4 45 14 42 88 87 99 100 95 51 112 59 121 70 57 4 14 70 22 38 51 54 140 50 13 4 45 14 42 88 87 99 100 95 51 112 59 121 70 57 4 14 
14 14 14 14 14 14 14 
12 12 24 24 24 24 24 
42 42 84 84 84 84 84 
32 32 64 64 64 64 64 
14 14 28 28 28 28 28 
6 6 12 12 12 12 12 
30 30 60 60 60 60 60 
16 16 32 32 32 32 32 
32 32 64 64 64 64 64 
22 22 44 44 44 44 44 
22 22 44 44 44 44 44 
36 36 72 72 72 72 72 
12 12 24 24 24 24 24 
18 18 36 36 36 36 36 
30 30 60 60 60 60 60 
16 16 32 32 32 32 32 
28 28 56 56 56 56 56 
12 12 24 24 24 24 24 
16 16 32 32 32 32 32 
44 44 88 88 88 88 88 
24 24 48 48 48 48 48 
14 14 28 28 28 28 28 
12 12 24 24 24 24 24 
99999 36 24 24 36 48 60 
99999 24 16 16 24 32 40 
99999 24 16 16 24 32 40 
12 12 24 24 24 24 24 
42 42 84 84 84 84 84 
32 32 64 64 64 64 64 
14 14 28 28 28 28 28 
6 6 12 12 12 12 12 
30 30 60 60 60 60 60 
16 16 32 32 32 32 32 
32 32 64 64 64 64 64 
22 22 44 44 44 44 44 
22 22 44 44 44 44 44 
36 36 72 72 72 72 72 
12 12 24 24 24 24 24 
18 18 36 36 36 36 36 
30 30 60 60 60 60 60 
16 16 32 32 32 32 32 
28 28 56 56 56 56 56 
12 12 24 24 24 24 24 
16 16 32 32 32 32 32 
44 44 88 88 88 88 88 
24 24 48 48 48 48 48 
14 14 28 28 28 28 28 
12 12 24 24 24 24 24 
99999 36 24 24 36 48 60 
99999 24 16 16 24 32 40 
99999 24 16 16 24 32 40 
12 12 24 24 24 24 24 
42 42 84 84 84 84 84 
32 32 64 64 64 64 64 
14 14 28 28 28 28 28 
6 6 12 12 12 12 12 
400 400 400 400 400 400 400 
400 400 400 400 400 400 400 400 400 400 400 400 400 400 400 400 400 400 400 400 400 400 400 400 400 400 400 400 400 400 400 400 400 400 400 400 400 400 400 400 400 400 400 400 400 400 400 400 400 400 400 400 400 400 400 
0 225
175 125
100 125
100 125
125 125
100 75
250 0
175 125 100 225 125 175 300 200 100 350 275 275 300 150 100 100 100 225 175 275 125 150 175 100 275 100 325 300 125 100 100 125 150 150 200 350 225 125 175 150 150 125 150 125 300 275 150 150 150 125 125 275 350 150 300 