55
7
92 72 108 81 37 48 67 139 67 127 36 72 97 39 53 70 13 41 25 6 43 40 139 32 31 92 72 108 81 37 48 67 139 67 127 36 72 97 39 53 70 13 41 25 6 43 40 139 32 31 92 72 108 81 37 
16 16 16 16 16 16 16 
14 14 28 28 28 28 28 
14 14 28 28 28 28 28 
18 18 36 36 36 36 36 
26 26 52 52 52 52 52 
24 24 48 48 48 48 48 
26 26 52 52 52 52 52 
12 12 24 24 24 24 24 
22 22 44 44 44 44 44 
10 10 20 20 20 20 20 
16 16 32 32 32 32 32 
24 24 48 48 48 48 48 
18 18 36 36 36 36 36 
26 26 52 52 52 52 52 
22 22 44 44 44 44 44 
24 24 48 48 48 48 48 
48 48 96 96 96 96 96 
28 28 56 56 56 56 56 
20 20 40 40 40 40 40 
16 16 32 32 32 32 32 
16 16 32 32 32 32 32 
18 18 36 36 36 36 36 
8 8 16 16 16 16 16 
99999 24 16 16 24 32 40 
99999 24 16 16 24 32 40 
99999 36 24 24 36 48 60 
14 14 28 28 28 28 28 
14 14 28 28 28 28 28 
18 18 36 36 36 36 36 
26 26 52 52 52 52 52 
24 24 48 48 48 48 48 
26 26 52 52 52 52 52 
12 12 24 24 24 24 24 
22 22 44 44 44 44 44 
10 10 20 20 20 20 20 
16 16 32 32 32 32 32 
24 24 48 48 48 48 48 
18 18 36 36 36 36 36 
26 26 52 52 52 52 52 
22 22 44 44 44 44 44 
24 24 48 48 48 48 48 
48 48 96 96 96 96 96 
28 28 56 56 56 56 56 
20 20 40 40 40 40 40 
16 16 32 32 32 32 32 
16 16 32 32 32 32 32 
18 18 36 36 36 36 36 
8 8 16 16 16 16 16 
99999 24 16 16 24 32 40 
99999 24 16 16 24 32 40 
99999 36 24 24 36 48 60 
14 14 28 28 28 28 28 
14 14 28 28 28 28 28 
18 18 36 36 36 36 36 
26 26 52 52 52 52 52 
24 24 48 48 48 48 48 
400 400 400 400 400 400 400 
400 400 400 400 400 400 400 400 400 400 400 400 400 400 400 400 400 400 400 400 400 400 400 400 400 400 400 400 400 400 400 400 400 400 400 400 400 400 400 400 400 400 400 400 400 400 400 400 400 400 400 400 400 400 400 
0 225
175 125
100 125
100 125
125 125
100 75
250 0
150 200 200 125 250 300 100 125 125 175 150 150 125 250 275 175 300 250 300 275 175 300 100 175 250 150 250 300 225 300 225 300 150 300 300 175 125 125 150 125 300 300 300 125 125 300 100 225 300 125 300 325 150 125 175 