55
10
103 128 42 30 127 131 58 15 47 57 139 108 108 87 54 126 118 71 59 14 112 51 48 123 79 103 128 42 30 127 131 58 15 47 57 139 108 108 87 54 126 118 71 59 14 112 51 48 123 79 103 128 42 30 127 
24 24 24 24 24 24 24 24 24 24 
14 14 28 28 28 28 28 28 28 28 
16 16 32 32 32 32 32 32 32 32 
24 24 48 48 48 48 48 48 48 48 
10 10 20 20 20 20 20 20 20 20 
22 22 44 44 44 44 44 44 44 44 
24 24 48 48 48 48 48 48 48 48 
22 22 44 44 44 44 44 44 44 44 
18 18 36 36 36 36 36 36 36 36 
12 12 24 24 24 24 24 24 24 24 
12 12 24 24 24 24 24 24 24 24 
18 18 36 36 36 36 36 36 36 36 
18 18 36 36 36 36 36 36 36 36 
22 22 44 44 44 44 44 44 44 44 
18 18 36 36 36 36 36 36 36 36 
16 16 32 32 32 32 32 32 32 32 
16 16 32 32 32 32 32 32 32 32 
34 34 68 68 68 68 68 68 68 68 
30 30 60 60 60 60 60 60 60 60 
16 16 32 32 32 32 32 32 32 32 
18 18 36 36 36 36 36 36 36 36 
16 16 32 32 32 32 32 32 32 32 
24 24 48 48 48 48 48 48 48 48 
99999 24 16 16 24 32 40 99999 99999 99999 
99999 33 22 22 33 44 55 99999 99999 99999 
99999 18 12 12 18 24 30 99999 99999 99999 
14 14 28 28 28 28 28 28 28 28 
16 16 32 32 32 32 32 32 32 32 
24 24 48 48 48 48 48 48 48 48 
10 10 20 20 20 20 20 20 20 20 
22 22 44 44 44 44 44 44 44 44 
24 24 48 48 48 48 48 48 48 48 
22 22 44 44 44 44 44 44 44 44 
18 18 36 36 36 36 36 36 36 36 
12 12 24 24 24 24 24 24 24 24 
12 12 24 24 24 24 24 24 24 24 
18 18 36 36 36 36 36 36 36 36 
18 18 36 36 36 36 36 36 36 36 
22 22 44 44 44 44 44 44 44 44 
18 18 36 36 36 36 36 36 36 36 
16 16 32 32 32 32 32 32 32 32 
16 16 32 32 32 32 32 32 32 32 
34 34 68 68 68 68 68 68 68 68 
30 30 60 60 60 60 60 60 60 60 
16 16 32 32 32 32 32 32 32 32 
18 18 36 36 36 36 36 36 36 36 
16 16 32 32 32 32 32 32 32 32 
24 24 48 48 48 48 48 48 48 48 
99999 24 16 16 24 32 40 99999 99999 99999 
99999 33 22 22 33 44 55 99999 99999 99999 
99999 18 12 12 18 24 30 99999 99999 99999 
14 14 28 28 28 28 28 28 28 28 
16 16 32 32 32 32 32 32 32 32 
24 24 48 48 48 48 48 48 48 48 
10 10 20 20 20 20 20 20 20 20 
22 22 44 44 44 44 44 44 44 44 
400 400 400 400 400 400 400 400 400 400 
400 400 400 400 400 400 400 400 400 400 400 400 400 400 400 400 400 400 400 400 400 400 400 400 400 400 400 400 400 400 400 400 400 400 400 400 400 400 400 400 400 400 400 400 400 400 400 400 400 400 400 400 400 400 400 
0 225
175 125
100 125
100 125
125 125
100 75
125 100
125 100
100 125
250 0
150 125 300 300 125 250 150 150 175 125 300 150 100 225 125 175 175 300 100 325 150 100 125 325 225 125 175 175 150 125 225 275 350 150 150 125 300 150 125 125 125 100 150 175 150 150 325 225 225 100 150 200 125 150 100 