55
7
122 18 65 138 104 22 82 4 17 110 112 106 14 66 44 104 73 38 44 20 34 62 7 98 65 122 18 65 138 104 22 82 4 17 110 112 106 14 66 44 104 73 38 44 20 34 62 7 98 65 122 18 65 138 104 
14 14 14 14 14 14 14 
18 18 36 36 36 36 36 
24 24 48 48 48 48 48 
22 22 44 44 44 44 44 
20 20 40 40 40 40 40 
4 4 8 8 8 8 8 
6 6 12 12 12 12 12 
28 28 56 56 56 56 56 
20 20 40 40 40 40 40 
6 6 12 12 12 12 12 
16 16 32 32 32 32 32 
42 42 84 84 84 84 84 
18 18 36 36 36 36 36 
18 18 36 36 36 36 36 
12 12 24 24 24 24 24 
36 36 72 72 72 72 72 
22 22 44 44 44 44 44 
6 6 12 12 12 12 12 
6 6 12 12 12 12 12 
12 12 24 24 24 24 24 
24 24 48 48 48 48 48 
20 20 40 40 40 40 40 
36 36 72 72 72 72 72 
99999 30 20 20 30 40 50 
99999 30 20 20 30 40 50 
99999 39 26 26 39 52 65 
18 18 36 36 36 36 36 
24 24 48 48 48 48 48 
22 22 44 44 44 44 44 
20 20 40 40 40 40 40 
4 4 8 8 8 8 8 
6 6 12 12 12 12 12 
28 28 56 56 56 56 56 
20 20 40 40 40 40 40 
6 6 12 12 12 12 12 
16 16 32 32 32 32 32 
42 42 84 84 84 84 84 
18 18 36 36 36 36 36 
18 18 36 36 36 36 36 
12 12 24 24 24 24 24 
36 36 72 72 72 72 72 
22 22 44 44 44 44 44 
6 6 12 12 12 12 12 
6 6 12 12 12 12 12 
12 12 24 24 24 24 24 
24 24 48 48 48 48 48 
20 20 40 40 40 40 40 
36 36 72 72 72 72 72 
99999 30 20 20 30 40 50 
99999 30 20 20 30 40 50 
99999 39 26 26 39 52 65 
18 18 36 36 36 36 36 
24 24 48 48 48 48 48 
22 22 44 44 44 44 44 
20 20 40 40 40 40 40 
4 4 8 8 8 8 8 
400 400 400 400 400 400 400 
400 400 400 400 400 400 400 400 400 400 400 400 400 400 400 400 400 400 400 400 400 400 400 400 400 400 400 400 400 400 400 400 400 400 400 400 400 400 400 400 400 400 400 400 400 400 400 400 400 400 400 400 400 400 400 
0 225
175 125
100 125
100 125
125 125
100 75
250 0
175 125 125 100 200 100 175 225 225 175 300 150 150 100 300 200 250 300 175 150 225 150 250 175 125 125 125 125 150 175 250 125 150 325 150 175 300 250 125 225 275 125 150 125 200 300 175 200 225 150 250 125 175 300 125 