55
5
20 74 91 13 83 37 49 94 60 89 90 70 81 28 12 89 12 81 93 21 73 118 40 54 100 20 74 91 13 83 37 49 94 60 89 90 70 81 28 12 89 12 81 93 21 73 118 40 54 100 20 74 91 13 83 
20 20 20 20 20 
14 14 28 28 28 
44 44 88 88 88 
12 12 24 24 24 
16 16 32 32 32 
32 32 64 64 64 
6 6 12 12 12 
36 36 72 72 72 
16 16 32 32 32 
16 16 32 32 32 
18 18 36 36 36 
38 38 76 76 76 
36 36 72 72 72 
34 34 68 68 68 
18 18 36 36 36 
18 18 36 36 36 
24 24 48 48 48 
18 18 36 36 36 
28 28 56 56 56 
26 26 52 52 52 
16 16 32 32 32 
34 34 68 68 68 
20 20 40 40 40 
99999 21 14 14 21 
99999 24 16 16 24 
99999 18 12 12 18 
14 14 28 28 28 
44 44 88 88 88 
12 12 24 24 24 
16 16 32 32 32 
32 32 64 64 64 
6 6 12 12 12 
36 36 72 72 72 
16 16 32 32 32 
16 16 32 32 32 
18 18 36 36 36 
38 38 76 76 76 
36 36 72 72 72 
34 34 68 68 68 
18 18 36 36 36 
18 18 36 36 36 
24 24 48 48 48 
18 18 36 36 36 
28 28 56 56 56 
26 26 52 52 52 
16 16 32 32 32 
34 34 68 68 68 
20 20 40 40 40 
99999 21 14 14 21 
99999 24 16 16 24 
99999 18 12 12 18 
14 14 28 28 28 
44 44 88 88 88 
12 12 24 24 24 
16 16 32 32 32 
32 32 64 64 64 
400 400 400 400 400 
400 400 400 400 400 400 400 400 400 400 400 400 400 400 400 400 400 400 400 400 400 400 400 400 400 400 400 400 400 400 400 400 400 400 400 400 400 400 400 400 400 400 400 400 400 400 400 400 400 400 400 400 400 400 400 
0 225
175 125
100 125
100 125
250 0
125 150 200 150 275 100 100 150 225 225 150 150 200 150 175 225 300 100 200 125 250 275 100 175 125 125 125 150 225 100 300 175 150 300 150 150 175 125 225 150 300 300 300 150 150 125 275 225 150 250 125 350 125 175 175 