55
7
40 139 76 129 127 22 62 72 85 111 102 116 31 133 63 38 17 22 138 121 24 93 111 12 14 40 139 76 129 127 22 62 72 85 111 102 116 31 133 63 38 17 22 138 121 24 93 111 12 14 40 139 76 129 127 
22 22 22 22 22 22 22 
22 22 44 44 44 44 44 
18 18 36 36 36 36 36 
14 14 28 28 28 28 28 
22 22 44 44 44 44 44 
26 26 52 52 52 52 52 
22 22 44 44 44 44 44 
18 18 36 36 36 36 36 
12 12 24 24 24 24 24 
20 20 40 40 40 40 40 
20 20 40 40 40 40 40 
14 14 28 28 28 28 28 
36 36 72 72 72 72 72 
28 28 56 56 56 56 56 
16 16 32 32 32 32 32 
14 14 28 28 28 28 28 
6 6 12 12 12 12 12 
18 18 36 36 36 36 36 
18 18 36 36 36 36 36 
16 16 32 32 32 32 32 
20 20 40 40 40 40 40 
14 14 28 28 28 28 28 
16 16 32 32 32 32 32 
99999 36 24 24 36 48 60 
99999 24 16 16 24 32 40 
99999 30 20 20 30 40 50 
22 22 44 44 44 44 44 
18 18 36 36 36 36 36 
14 14 28 28 28 28 28 
22 22 44 44 44 44 44 
26 26 52 52 52 52 52 
22 22 44 44 44 44 44 
18 18 36 36 36 36 36 
12 12 24 24 24 24 24 
20 20 40 40 40 40 40 
20 20 40 40 40 40 40 
14 14 28 28 28 28 28 
36 36 72 72 72 72 72 
28 28 56 56 56 56 56 
16 16 32 32 32 32 32 
14 14 28 28 28 28 28 
6 6 12 12 12 12 12 
18 18 36 36 36 36 36 
18 18 36 36 36 36 36 
16 16 32 32 32 32 32 
20 20 40 40 40 40 40 
14 14 28 28 28 28 28 
16 16 32 32 32 32 32 
99999 36 24 24 36 48 60 
99999 24 16 16 24 32 40 
99999 30 20 20 30 40 50 
22 22 44 44 44 44 44 
18 18 36 36 36 36 36 
14 14 28 28 28 28 28 
22 22 44 44 44 44 44 
26 26 52 52 52 52 52 
400 400 400 400 400 400 400 
400 400 400 400 400 400 400 400 400 400 400 400 400 400 400 400 400 400 400 400 400 400 400 400 400 400 400 400 400 400 400 400 400 400 400 400 400 400 400 400 400 400 400 400 400 400 400 400 400 400 400 400 400 400 400 
0 225
175 125
100 125
100 125
125 125
100 75
250 0
125 150 100 150 325 275 125 125 125 150 300 175 125 225 225 300 175 200 125 300 150 125 275 150 100 350 150 250 300 150 125 125 200 300 325 250 325 125 150 300 175 200 125 200 150 300 275 300 250 225 125 275 150 100 225 