55
7
12 83 128 78 135 118 7 46 59 112 2 72 84 60 118 64 143 64 25 11 117 103 98 80 94 12 83 128 78 135 118 7 46 59 112 2 72 84 60 118 64 143 64 25 11 117 103 98 80 94 12 83 128 78 135 
13 13 13 13 13 13 13 
16 16 32 32 32 32 32 
16 16 32 32 32 32 32 
18 18 36 36 36 36 36 
22 22 44 44 44 44 44 
16 16 32 32 32 32 32 
28 28 56 56 56 56 56 
42 42 84 84 84 84 84 
24 24 48 48 48 48 48 
10 10 20 20 20 20 20 
36 36 72 72 72 72 72 
36 36 72 72 72 72 72 
10 10 20 20 20 20 20 
36 36 72 72 72 72 72 
4 4 8 8 8 8 8 
16 16 32 32 32 32 32 
30 30 60 60 60 60 60 
36 36 72 72 72 72 72 
36 36 72 72 72 72 72 
24 24 48 48 48 48 48 
18 18 36 36 36 36 36 
30 30 60 60 60 60 60 
14 14 28 28 28 28 28 
99999 36 24 24 36 48 60 
99999 30 20 20 30 40 50 
99999 18 12 12 18 24 30 
16 16 32 32 32 32 32 
16 16 32 32 32 32 32 
18 18 36 36 36 36 36 
22 22 44 44 44 44 44 
16 16 32 32 32 32 32 
28 28 56 56 56 56 56 
42 42 84 84 84 84 84 
24 24 48 48 48 48 48 
10 10 20 20 20 20 20 
36 36 72 72 72 72 72 
36 36 72 72 72 72 72 
10 10 20 20 20 20 20 
36 36 72 72 72 72 72 
4 4 8 8 8 8 8 
16 16 32 32 32 32 32 
30 30 60 60 60 60 60 
36 36 72 72 72 72 72 
36 36 72 72 72 72 72 
24 24 48 48 48 48 48 
18 18 36 36 36 36 36 
30 30 60 60 60 60 60 
14 14 28 28 28 28 28 
99999 36 24 24 36 48 60 
99999 30 20 20 30 40 50 
99999 18 12 12 18 24 30 
16 16 32 32 32 32 32 
16 16 32 32 32 32 32 
18 18 36 36 36 36 36 
22 22 44 44 44 44 44 
16 16 32 32 32 32 32 
400 400 400 400 400 400 400 
400 400 400 400 400 400 400 400 400 400 400 400 400 400 400 400 400 400 400 400 400 400 400 400 400 400 400 400 400 400 400 400 400 400 400 400 400 400 400 400 400 400 400 400 400 400 400 400 400 400 400 400 400 400 400 
0 225
175 125
100 125
100 125
125 125
100 75
250 0
175 350 275 100 300 125 225 300 200 100 125 225 175 300 275 150 225 125 100 200 125 225 100 100 125 200 125 150 125 325 175 225 300 175 150 300 125 300 225 100 300 175 150 300 200 175 125 175 350 300 225 300 350 300 175 