55
10
22 52 60 11 97 83 98 49 80 114 102 30 126 73 72 6 93 5 110 36 36 49 108 23 34 22 52 60 11 97 83 98 49 80 114 102 30 126 73 72 6 93 5 110 36 36 49 108 23 34 22 52 60 11 97 
14 14 14 14 14 14 14 14 14 14 
24 24 48 48 48 48 48 48 48 48 
28 28 56 56 56 56 56 56 56 56 
10 10 20 20 20 20 20 20 20 20 
18 18 36 36 36 36 36 36 36 36 
16 16 32 32 32 32 32 32 32 32 
18 18 36 36 36 36 36 36 36 36 
26 26 52 52 52 52 52 52 52 52 
24 24 48 48 48 48 48 48 48 48 
46 46 92 92 92 92 92 92 92 92 
6 6 12 12 12 12 12 12 12 12 
26 26 52 52 52 52 52 52 52 52 
14 14 28 28 28 28 28 28 28 28 
44 44 88 88 88 88 88 88 88 88 
32 32 64 64 64 64 64 64 64 64 
16 16 32 32 32 32 32 32 32 32 
20 20 40 40 40 40 40 40 40 40 
14 14 28 28 28 28 28 28 28 28 
36 36 72 72 72 72 72 72 72 72 
24 24 48 48 48 48 48 48 48 48 
16 16 32 32 32 32 32 32 32 32 
18 18 36 36 36 36 36 36 36 36 
40 40 80 80 80 80 80 80 80 80 
99999 24 16 16 24 32 40 99999 99999 99999 
99999 36 24 24 36 48 60 99999 99999 99999 
99999 24 16 16 24 32 40 99999 99999 99999 
24 24 48 48 48 48 48 48 48 48 
28 28 56 56 56 56 56 56 56 56 
10 10 20 20 20 20 20 20 20 20 
18 18 36 36 36 36 36 36 36 36 
16 16 32 32 32 32 32 32 32 32 
18 18 36 36 36 36 36 36 36 36 
26 26 52 52 52 52 52 52 52 52 
24 24 48 48 48 48 48 48 48 48 
46 46 92 92 92 92 92 92 92 92 
6 6 12 12 12 12 12 12 12 12 
26 26 52 52 52 52 52 52 52 52 
14 14 28 28 28 28 28 28 28 28 
44 44 88 88 88 88 88 88 88 88 
32 32 64 64 64 64 64 64 64 64 
16 16 32 32 32 32 32 32 32 32 
20 20 40 40 40 40 40 40 40 40 
14 14 28 28 28 28 28 28 28 28 
36 36 72 72 72 72 72 72 72 72 
24 24 48 48 48 48 48 48 48 48 
16 16 32 32 32 32 32 32 32 32 
18 18 36 36 36 36 36 36 36 36 
40 40 80 80 80 80 80 80 80 80 
99999 24 16 16 24 32 40 99999 99999 99999 
99999 36 24 24 36 48 60 99999 99999 99999 
99999 24 16 16 24 32 40 99999 99999 99999 
24 24 48 48 48 48 48 48 48 48 
28 28 56 56 56 56 56 56 56 56 
10 10 20 20 20 20 20 20 20 20 
18 18 36 36 36 36 36 36 36 36 
16 16 32 32 32 32 32 32 32 32 
400 400 400 400 400 400 400 400 400 400 
400 400 400 400 400 400 400 400 400 400 400 400 400 400 400 400 400 400 400 400 400 400 400 400 400 400 400 400 400 400 400 400 400 400 400 400 400 400 400 400 400 400 400 400 400 400 400 400 400 400 400 400 400 400 400 
0 225
175 125
100 125
100 125
125 125
100 75
125 100
125 100
100 125
250 0
225 125 125 125 150 150 150 225 200 150 225 100 175 125 325 100 300 325 300 125 300 175 150 150 225 125 125 350 125 125 225 200 150 225 150 300 300 175 175 150 150 100 100 175 150 350 150 325 125 150 125 125 275 175 100 