60
5
14 120 56 96 63 101 123 117 35 127 65 66 93 114 71 57 140 85 31 36 119 69 81 35 118 14 120 56 96 63 101 123 117 35 127 65 66 93 114 71 57 140 85 31 36 119 69 81 35 118 14 120 56 96 63 101 123 117 35 127 
24 24 24 24 24 
12 12 24 24 24 
14 14 28 28 28 
24 24 48 48 48 
22 22 44 44 44 
22 22 44 44 44 
20 20 40 40 40 
16 16 32 32 32 
20 20 40 40 40 
22 22 44 44 44 
10 10 20 20 20 
12 12 24 24 24 
26 26 52 52 52 
12 12 24 24 24 
12 12 24 24 24 
18 18 36 36 36 
12 12 24 24 24 
38 38 76 76 76 
20 20 40 40 40 
14 14 28 28 28 
20 20 40 40 40 
22 22 44 44 44 
24 24 48 48 48 
99999 21 14 14 21 
99999 24 16 16 24 
99999 30 20 20 30 
12 12 24 24 24 
14 14 28 28 28 
24 24 48 48 48 
22 22 44 44 44 
22 22 44 44 44 
20 20 40 40 40 
16 16 32 32 32 
20 20 40 40 40 
22 22 44 44 44 
10 10 20 20 20 
12 12 24 24 24 
26 26 52 52 52 
12 12 24 24 24 
12 12 24 24 24 
18 18 36 36 36 
12 12 24 24 24 
38 38 76 76 76 
20 20 40 40 40 
14 14 28 28 28 
20 20 40 40 40 
22 22 44 44 44 
24 24 48 48 48 
99999 21 14 14 21 
99999 24 16 16 24 
99999 30 20 20 30 
12 12 24 24 24 
14 14 28 28 28 
24 24 48 48 48 
22 22 44 44 44 
22 22 44 44 44 
20 20 40 40 40 
16 16 32 32 32 
20 20 40 40 40 
22 22 44 44 44 
10 10 20 20 20 
600 600 600 600 600 
600 600 600 600 600 600 600 600 600 600 600 600 600 600 600 600 600 600 600 600 600 600 600 600 600 600 600 600 600 600 600 600 600 600 600 600 600 600 600 600 600 600 600 600 600 600 600 600 600 600 600 600 600 600 600 600 600 600 600 600 
0 225
175 125
100 125
100 125
250 0
150 225 275 300 275 350 150 150 100 150 150 100 250 300 150 175 175 150 125 175 300 150 300 125 125 225 175 100 100 250 125 175 300 125 100 300 300 175 125 125 225 150 250 125 300 275 300 250 175 125 300 150 150 150 125 300 125 200 150 150 