60
7
100 134 94 75 97 9 12 109 23 137 84 49 32 11 29 75 142 58 34 92 88 17 62 1 65 61 42 109 84 29 47 21 23 86 52 100 134 94 75 97 9 12 109 23 137 84 49 32 11 29 75 142 58 34 92 88 17 62 1 65 
12 12 12 12 12 12 12 
18 18 36 36 36 36 36 
30 30 60 60 60 60 60 
48 48 96 96 96 96 96 
10 10 20 20 20 20 20 
24 24 48 48 48 48 48 
30 30 60 60 60 60 60 
28 28 56 56 56 56 56 
24 24 48 48 48 48 48 
16 16 32 32 32 32 32 
10 10 20 20 20 20 20 
8 8 16 16 16 16 16 
16 16 32 32 32 32 32 
24 24 48 48 48 48 48 
20 20 40 40 40 40 40 
10 10 20 20 20 20 20 
22 22 44 44 44 44 44 
22 22 44 44 44 44 44 
16 16 32 32 32 32 32 
20 20 40 40 40 40 40 
12 12 24 24 24 24 24 
28 28 56 56 56 56 56 
24 24 48 48 48 48 48 
18 18 36 36 36 36 36 
8 8 16 16 16 16 16 
30 30 60 60 60 60 60 
14 14 28 28 28 28 28 
14 14 28 28 28 28 28 
12 12 24 24 24 24 24 
20 20 40 40 40 40 40 
44 44 88 88 88 88 88 
99999 24 16 16 24 32 40 
99999 24 16 16 24 32 40 
99999 24 16 16 24 32 40 
99999 36 24 24 36 48 60 
99999 30 20 20 30 40 50 
18 18 36 36 36 36 36 
30 30 60 60 60 60 60 
48 48 96 96 96 96 96 
10 10 20 20 20 20 20 
24 24 48 48 48 48 48 
30 30 60 60 60 60 60 
28 28 56 56 56 56 56 
24 24 48 48 48 48 48 
16 16 32 32 32 32 32 
10 10 20 20 20 20 20 
8 8 16 16 16 16 16 
16 16 32 32 32 32 32 
24 24 48 48 48 48 48 
20 20 40 40 40 40 40 
10 10 20 20 20 20 20 
22 22 44 44 44 44 44 
22 22 44 44 44 44 44 
16 16 32 32 32 32 32 
20 20 40 40 40 40 40 
12 12 24 24 24 24 24 
28 28 56 56 56 56 56 
24 24 48 48 48 48 48 
18 18 36 36 36 36 36 
8 8 16 16 16 16 16 
30 30 60 60 60 60 60 
600 600 600 600 600 600 600 
600 600 600 600 600 600 600 600 600 600 600 600 600 600 600 600 600 600 600 600 600 600 600 600 600 600 600 600 600 600 600 600 600 600 600 600 600 600 600 600 600 600 600 600 600 600 600 600 600 600 600 600 600 600 600 600 600 600 600 600 
0 225
175 125
100 125
100 125
125 125
100 75
250 0
225 225 300 100 150 150 150 175 125 225 100 100 275 200 100 150 225 125 300 300 150 150 350 125 350 200 100 325 250 150 350 300 300 150 150 300 175 150 125 300 100 225 125 150 300 175 175 100 325 200 325 250 125 275 300 300 225 150 150 125 