60
7
55 71 39 131 44 10 37 7 66 109 53 138 121 53 120 4 73 112 24 26 28 23 25 13 54 5 67 52 6 114 119 135 14 80 139 55 71 39 131 44 10 37 7 66 109 53 138 121 53 120 4 73 112 24 26 28 23 25 13 54 
14 14 14 14 14 14 14 
8 8 16 16 16 16 16 
20 20 40 40 40 40 40 
38 38 76 76 76 76 76 
36 36 72 72 72 72 72 
22 22 44 44 44 44 44 
20 20 40 40 40 40 40 
20 20 40 40 40 40 40 
30 30 60 60 60 60 60 
24 24 48 48 48 48 48 
16 16 32 32 32 32 32 
16 16 32 32 32 32 32 
6 6 12 12 12 12 12 
20 20 40 40 40 40 40 
14 14 28 28 28 28 28 
12 12 24 24 24 24 24 
38 38 76 76 76 76 76 
26 26 52 52 52 52 52 
44 44 88 88 88 88 88 
20 20 40 40 40 40 40 
24 24 48 48 48 48 48 
20 20 40 40 40 40 40 
46 46 92 92 92 92 92 
20 20 40 40 40 40 40 
22 22 44 44 44 44 44 
40 40 80 80 80 80 80 
28 28 56 56 56 56 56 
18 18 36 36 36 36 36 
22 22 44 44 44 44 44 
22 22 44 44 44 44 44 
18 18 36 36 36 36 36 
99999 24 16 16 24 32 40 
99999 24 16 16 24 32 40 
99999 21 14 14 21 28 35 
99999 30 20 20 30 40 50 
99999 36 24 24 36 48 60 
8 8 16 16 16 16 16 
20 20 40 40 40 40 40 
38 38 76 76 76 76 76 
36 36 72 72 72 72 72 
22 22 44 44 44 44 44 
20 20 40 40 40 40 40 
20 20 40 40 40 40 40 
30 30 60 60 60 60 60 
24 24 48 48 48 48 48 
16 16 32 32 32 32 32 
16 16 32 32 32 32 32 
6 6 12 12 12 12 12 
20 20 40 40 40 40 40 
14 14 28 28 28 28 28 
12 12 24 24 24 24 24 
38 38 76 76 76 76 76 
26 26 52 52 52 52 52 
44 44 88 88 88 88 88 
20 20 40 40 40 40 40 
24 24 48 48 48 48 48 
20 20 40 40 40 40 40 
46 46 92 92 92 92 92 
20 20 40 40 40 40 40 
22 22 44 44 44 44 44 
40 40 80 80 80 80 80 
600 600 600 600 600 600 600 
600 600 600 600 600 600 600 600 600 600 600 600 600 600 600 600 600 600 600 600 600 600 600 600 600 600 600 600 600 600 600 600 600 600 600 600 600 600 600 600 600 600 600 600 600 600 600 600 600 600 600 600 600 600 600 600 600 600 600 600 
0 225
175 125
100 125
100 125
125 125
100 75
250 0
250 300 150 200 225 100 150 125 300 125 275 125 175 125 125 225 175 300 175 225 150 225 175 175 225 125 250 300 125 200 125 175 100 225 175 300 100 150 300 150 275 150 300 250 100 125 175 275 200 225 125 125 125 125 350 100 125 300 200 225 