60
5
37 81 55 50 30 19 136 107 53 15 42 105 108 142 102 21 48 28 56 131 38 96 125 113 120 37 81 55 50 30 19 136 107 53 15 42 105 108 142 102 21 48 28 56 131 38 96 125 113 120 37 81 55 50 30 19 136 107 53 15 
25 25 25 25 25 
14 14 28 28 28 
12 12 24 24 24 
18 18 36 36 36 
20 20 40 40 40 
18 18 36 36 36 
40 40 80 80 80 
28 28 56 56 56 
14 14 28 28 28 
42 42 84 84 84 
30 30 60 60 60 
14 14 28 28 28 
20 20 40 40 40 
16 16 32 32 32 
18 18 36 36 36 
32 32 64 64 64 
16 16 32 32 32 
18 18 36 36 36 
20 20 40 40 40 
40 40 80 80 80 
32 32 64 64 64 
22 22 44 44 44 
32 32 64 64 64 
99999 27 18 18 27 
99999 36 24 24 36 
99999 24 16 16 24 
14 14 28 28 28 
12 12 24 24 24 
18 18 36 36 36 
20 20 40 40 40 
18 18 36 36 36 
40 40 80 80 80 
28 28 56 56 56 
14 14 28 28 28 
42 42 84 84 84 
30 30 60 60 60 
14 14 28 28 28 
20 20 40 40 40 
16 16 32 32 32 
18 18 36 36 36 
32 32 64 64 64 
16 16 32 32 32 
18 18 36 36 36 
20 20 40 40 40 
40 40 80 80 80 
32 32 64 64 64 
22 22 44 44 44 
32 32 64 64 64 
99999 27 18 18 27 
99999 36 24 24 36 
99999 24 16 16 24 
14 14 28 28 28 
12 12 24 24 24 
18 18 36 36 36 
20 20 40 40 40 
18 18 36 36 36 
40 40 80 80 80 
28 28 56 56 56 
14 14 28 28 28 
42 42 84 84 84 
30 30 60 60 60 
600 600 600 600 600 
600 600 600 600 600 600 600 600 600 600 600 600 600 600 600 600 600 600 600 600 600 600 600 600 600 600 600 600 600 600 600 600 600 600 600 600 600 600 600 600 600 600 600 600 600 600 600 600 600 600 600 600 600 600 600 600 600 600 600 600 
0 225
175 125
100 125
100 125
250 0
150 300 300 175 175 225 275 150 275 300 225 100 325 300 225 175 125 225 175 150 150 275 200 350 150 175 225 300 200 150 175 100 300 300 300 100 150 200 225 275 325 300 200 325 225 175 300 125 100 125 125 300 175 300 150 225 100 125 150 175 