60
5
77 45 74 78 33 53 19 6 68 41 27 133 111 100 89 81 115 19 82 58 43 67 141 79 74 77 45 74 78 33 53 19 6 68 41 27 133 111 100 89 81 115 19 82 58 43 67 141 79 74 77 45 74 78 33 53 19 6 68 41 
16 16 16 16 16 
22 22 44 44 44 
24 24 48 48 48 
6 6 12 12 12 
46 46 92 92 92 
16 16 32 32 32 
16 16 32 32 32 
18 18 36 36 36 
30 30 60 60 60 
20 20 40 40 40 
46 46 92 92 92 
16 16 32 32 32 
20 20 40 40 40 
20 20 40 40 40 
20 20 40 40 40 
18 18 36 36 36 
18 18 36 36 36 
14 14 28 28 28 
22 22 44 44 44 
22 22 44 44 44 
16 16 32 32 32 
24 24 48 48 48 
36 36 72 72 72 
99999 18 12 12 18 
99999 30 20 20 30 
99999 36 24 24 36 
22 22 44 44 44 
24 24 48 48 48 
6 6 12 12 12 
46 46 92 92 92 
16 16 32 32 32 
16 16 32 32 32 
18 18 36 36 36 
30 30 60 60 60 
20 20 40 40 40 
46 46 92 92 92 
16 16 32 32 32 
20 20 40 40 40 
20 20 40 40 40 
20 20 40 40 40 
18 18 36 36 36 
18 18 36 36 36 
14 14 28 28 28 
22 22 44 44 44 
22 22 44 44 44 
16 16 32 32 32 
24 24 48 48 48 
36 36 72 72 72 
99999 18 12 12 18 
99999 30 20 20 30 
99999 36 24 24 36 
22 22 44 44 44 
24 24 48 48 48 
6 6 12 12 12 
46 46 92 92 92 
16 16 32 32 32 
16 16 32 32 32 
18 18 36 36 36 
30 30 60 60 60 
20 20 40 40 40 
46 46 92 92 92 
600 600 600 600 600 
600 600 600 600 600 600 600 600 600 600 600 600 600 600 600 600 600 600 600 600 600 600 600 600 600 600 600 600 600 600 600 600 600 600 600 600 600 600 600 600 600 600 600 600 600 600 600 600 600 600 600 600 600 600 600 600 600 600 600 600 
0 225
175 125
100 125
100 125
250 0
300 225 100 100 150 125 150 225 175 125 325 250 150 100 150 225 125 325 300 150 100 300 275 100 125 175 150 350 200 100 125 225 125 300 225 100 100 100 100 300 325 150 350 225 125 150 150 125 175 300 150 225 150 125 150 300 125 125 325 150 