60
7
37 65 76 94 128 58 116 75 134 80 122 127 14 25 11 51 23 124 127 70 20 19 1 101 109 42 2 90 58 9 71 107 20 84 81 37 65 76 94 128 58 116 75 134 80 122 127 14 25 11 51 23 124 127 70 20 19 1 101 109 
11 11 11 11 11 11 11 
42 42 84 84 84 84 84 
18 18 36 36 36 36 36 
22 22 44 44 44 44 44 
24 24 48 48 48 48 48 
48 48 96 96 96 96 96 
10 10 20 20 20 20 20 
24 24 48 48 48 48 48 
18 18 36 36 36 36 36 
18 18 36 36 36 36 36 
12 12 24 24 24 24 24 
28 28 56 56 56 56 56 
20 20 40 40 40 40 40 
16 16 32 32 32 32 32 
12 12 24 24 24 24 24 
12 12 24 24 24 24 24 
18 18 36 36 36 36 36 
16 16 32 32 32 32 32 
14 14 28 28 28 28 28 
14 14 28 28 28 28 28 
16 16 32 32 32 32 32 
24 24 48 48 48 48 48 
18 18 36 36 36 36 36 
18 18 36 36 36 36 36 
36 36 72 72 72 72 72 
20 20 40 40 40 40 40 
18 18 36 36 36 36 36 
20 20 40 40 40 40 40 
22 22 44 44 44 44 44 
36 36 72 72 72 72 72 
12 12 24 24 24 24 24 
99999 24 16 16 24 32 40 
99999 24 16 16 24 32 40 
99999 39 26 26 39 52 65 
99999 33 22 22 33 44 55 
99999 39 26 26 39 52 65 
42 42 84 84 84 84 84 
18 18 36 36 36 36 36 
22 22 44 44 44 44 44 
24 24 48 48 48 48 48 
48 48 96 96 96 96 96 
10 10 20 20 20 20 20 
24 24 48 48 48 48 48 
18 18 36 36 36 36 36 
18 18 36 36 36 36 36 
12 12 24 24 24 24 24 
28 28 56 56 56 56 56 
20 20 40 40 40 40 40 
16 16 32 32 32 32 32 
12 12 24 24 24 24 24 
12 12 24 24 24 24 24 
18 18 36 36 36 36 36 
16 16 32 32 32 32 32 
14 14 28 28 28 28 28 
14 14 28 28 28 28 28 
16 16 32 32 32 32 32 
24 24 48 48 48 48 48 
18 18 36 36 36 36 36 
18 18 36 36 36 36 36 
36 36 72 72 72 72 72 
20 20 40 40 40 40 40 
600 600 600 600 600 600 600 
600 600 600 600 600 600 600 600 600 600 600 600 600 600 600 600 600 600 600 600 600 600 600 600 600 600 600 600 600 600 600 600 600 600 600 600 600 600 600 600 600 600 600 600 600 600 600 600 600 600 600 600 600 600 600 600 600 600 600 600 
0 225
175 125
100 125
100 125
125 125
100 75
250 0
300 125 300 225 150 100 125 250 125 125 175 100 125 175 300 150 150 150 150 150 150 275 225 100 125 150 225 225 125 150 175 200 200 175 125 175 225 225 250 100 175 150 300 300 275 300 225 175 175 200 150 150 225 300 175 125 225 300 150 100 