   60    13
      10      46      18      24      48      32      20      16      12      20      26      18      30      20      24      22      24      48       6      30      16      48      30      30       0       0       0       0       0       0       0       0       0       0       0       0       0       0       0       0       0       0       0       0       0       0       0       0       0       0       0       0       0       0       0       0       0       0       0       0
      10      46      18      24      48      32      20      16      12      20      26      18      30      20      24      22      24      48       6      30      16      48      30      30       0       0       0       0       0       0       0       0       0       0       0       0       0       0       0       0       0       0       0       0       0       0      14      14      24       0       0       0       0       0       0       0       0       0       0       0
      10      46      18      24      48      32      20      16      12      20      26      18      30      20      24      22      24      48       6      30      16      48      30      30       0       0       0       0       0       0       0       0       0       0       0       0       0       0       0       0       0       0       0       0       0       0      14      14      24      16      18      28      18      32      18      20      18      16      24      18
      10      46      18      24      48      32      20      16      12      20      26      18      30      20      24      22      24      48       6      30      16      48      30      30       0       0       0       0       0       0       0       0       0       0       0       0       0       0       0       0       0       0       0       0       0       0      14      14      24      16      18      28      18      32      18      20      18      16      24      18
      10      46      18      24      48      32      20      16      12      20      26      18      30      20      24      22      24      48       6      30      16      48      30      30       0       0       0       0       0       0       0       0       0       0       0       0       0       0       0       0       0       0       0       0       0       0      14      14      24      16      18      28      18      32      18      20      18      16      24      18
      10      46      18      24      48      32      20      16      12      20      26      18      30      20      24      22      24      48       6      30      16      48      30      30       0       0       0       0       0       0       0       0       0       0       0       0       0       0       0       0       0       0       0       0       0       0      14      14      24      16      18      28      18      32      18      20      18      16      24      18
      10      46      18      24      48      32      20      16      12      20      26      18      30      20      24      22      24      48       6      30      16      48      30      30       0       0       0       0       0       0       0       0       0       0       0       0       0       0       0       0       0       0       0       0       0       0      14      14      24      16      18      28      18      32      18      20      18      16      24      18
      10      46      18      24      48      32      20      16      12      20      26      18      30      20      24      22      24      48       6      30      16      48      30      30      16      20      16      30      16      22      24      22      28      20      24      24      16      14      22      14      20      20      18      24      28      30       0       0       0       0       0       0       0       0       0       0       0      16      24      18
      10      46      18      24      48      32      20      16      12      20      26      18      30      20      24      22      24      48       6      30      16      48      30      30      16      20      16      30      16      22      24      22      28      20      24      24      16      14      22      14      20      20      18      24      28      30       0       0       0       0       0       0       0       0       0       0       0      16      24      18
       0       0       0       0       0       0       0       0       0       0       0       0       0       0       0       0       0       0       0       0       0       0       0       0      16      20      16      30      16      22      24      22      28      20      24      24      16      14      22      14      20      20      18      24      28      30       0       0       0       0       0       0       0       0       0       0       0       0       0       0
       0       0       0       0       0       0       0       0       0       0       0       0       0       0       0       0       0       0       0       0       0       0       0       0      16      20      16      30      16      22      24      22      28      20      24      24      16      14      22      14      20      20      18      24      28      30       0       0       0       0       0       0       0       0       0       0       0       0       0       0
       0       0       0       0       0       0       0       0       0       0       0       0       0       0       0       0       0       0       0       0       0       0       0       0      16      20      16      30      16      22      24      22      28      20      24      24      16      14      22      14      20      20      18      24      28      30       0       0       0       0       0       0       0       0       0       0       0       0       0       0
       0       0       0       0       0       0       0       0       0       0       0       0       0       0       0       0       0       0       0       0       0       0       0       0      16      20      16      30      16      22      24      22      28      20      24      24      16      14      22      14      20      20      18      24      28      30       0       0       0       0       0       0       0       0       0       0       0       0       0       0
      14      300      286
      14      300      286
      14      300      286
      14      300      286
      14      300      286
      14      300      286
      14      300      286
      14      300      286
      14      300      286
      14      300      286
      14      300      286
      14      300      286
      14      300      286
     120      87      23       8      36       1     100      51     130      36     137      33      64      10     115      68      78      36      42     101     101      29      91     119      45      62      96     110     128      65      98     105      26      48     122      14     139      79     128     124      22      68      58      89      78      75      83      12      87       3      59     111      96     109     141     124       9      63      88     132
     420     387     323     308     336     301     400     351     430     336     437     333     364     310     415     368     378     336     342     401     401     329     391     419     345     362     396     410     428     365     398     405     326     348     422     314     439     379     428     424     322     368     358     389     378     375     383     312     387     303     359     411     396     409     441     424     309     363     388     432
       0      225        0        2
     175      125        1        3
     100      125        2        4
     100      125        3        5
     125      125        4        6
     100       75        5        7
     175        0        6        0
       0      175        0        9
     175        0        8       10
     125      100        9       11
     125      100       10       12
     100      125       11       13
     250        0       12        0
     150     175     175     150     175     200     175     175     200     200     200     225     200     175     200     150     175     175     150     200     150     175     225     200     200     200     250     225     275     200     300     200     300     225     200     200     200     300     250     300     375     350     350     375     375     400     350     275     275     350     350     350     350     325     350     350     325     275     275     275
      24      16       6       3       8       3