   60    13
      12      34      32      24       8      16      30      22      30      28      26      32      14      22      10      26      20      24      12      26      12      14      12      30       0       0       0       0       0       0       0       0       0       0       0       0       0       0       0       0       0       0       0       0       0       0       0       0       0       0       0       0       0       0       0       0       0       0       0       0
      12      34      32      24       8      16      30      22      30      28      26      32      14      22      10      26      20      24      12      26      12      14      12      30       0       0       0       0       0       0       0       0       0       0       0       0       0       0       0       0       0       0       0       0       0       0      14      16      24       0       0       0       0       0       0       0       0       0       0       0
      12      34      32      24       8      16      30      22      30      28      26      32      14      22      10      26      20      24      12      26      12      14      12      30       0       0       0       0       0       0       0       0       0       0       0       0       0       0       0       0       0       0       0       0       0       0      14      16      24      18      18      12      16      12      10      26      18      40      14      36
      12      34      32      24       8      16      30      22      30      28      26      32      14      22      10      26      20      24      12      26      12      14      12      30       0       0       0       0       0       0       0       0       0       0       0       0       0       0       0       0       0       0       0       0       0       0      14      16      24      18      18      12      16      12      10      26      18      40      14      36
      12      34      32      24       8      16      30      22      30      28      26      32      14      22      10      26      20      24      12      26      12      14      12      30       0       0       0       0       0       0       0       0       0       0       0       0       0       0       0       0       0       0       0       0       0       0      14      16      24      18      18      12      16      12      10      26      18      40      14      36
      12      34      32      24       8      16      30      22      30      28      26      32      14      22      10      26      20      24      12      26      12      14      12      30       0       0       0       0       0       0       0       0       0       0       0       0       0       0       0       0       0       0       0       0       0       0      14      16      24      18      18      12      16      12      10      26      18      40      14      36
      12      34      32      24       8      16      30      22      30      28      26      32      14      22      10      26      20      24      12      26      12      14      12      30       0       0       0       0       0       0       0       0       0       0       0       0       0       0       0       0       0       0       0       0       0       0      14      16      24      18      18      12      16      12      10      26      18      40      14      36
      12      34      32      24       8      16      30      22      30      28      26      32      14      22      10      26      20      24      12      26      12      14      12      30      24      18      16      18      24      10       8      30      18      16      20      24      20      20      24      18      22      22      18      22      30      26       0       0       0       0       0       0       0       0       0       0       0      40      14      36
      12      34      32      24       8      16      30      22      30      28      26      32      14      22      10      26      20      24      12      26      12      14      12      30      24      18      16      18      24      10       8      30      18      16      20      24      20      20      24      18      22      22      18      22      30      26       0       0       0       0       0       0       0       0       0       0       0      40      14      36
       0       0       0       0       0       0       0       0       0       0       0       0       0       0       0       0       0       0       0       0       0       0       0       0      24      18      16      18      24      10       8      30      18      16      20      24      20      20      24      18      22      22      18      22      30      26       0       0       0       0       0       0       0       0       0       0       0       0       0       0
       0       0       0       0       0       0       0       0       0       0       0       0       0       0       0       0       0       0       0       0       0       0       0       0      24      18      16      18      24      10       8      30      18      16      20      24      20      20      24      18      22      22      18      22      30      26       0       0       0       0       0       0       0       0       0       0       0       0       0       0
       0       0       0       0       0       0       0       0       0       0       0       0       0       0       0       0       0       0       0       0       0       0       0       0      24      18      16      18      24      10       8      30      18      16      20      24      20      20      24      18      22      22      18      22      30      26       0       0       0       0       0       0       0       0       0       0       0       0       0       0
       0       0       0       0       0       0       0       0       0       0       0       0       0       0       0       0       0       0       0       0       0       0       0       0      24      18      16      18      24      10       8      30      18      16      20      24      20      20      24      18      22      22      18      22      30      26       0       0       0       0       0       0       0       0       0       0       0       0       0       0
      14      300      286
      14      300      286
      14      300      286
      14      300      286
      14      300      286
      14      300      286
      14      300      286
      14      300      286
      14      300      286
      14      300      286
      14      300      286
      14      300      286
      14      300      286
      47      97      40      57     119      22      73     117     105     114       9      28      33     140     127     111     109      84     128      84      81      49      84     132     119       8      75      11      26     122      95      60      96      93      25     122     142      32      76     123      53     133      16     128      37      10      51      85     133      91      33      27      84     115      63     139      72      21      12     104
     347     397     340     357     419     322     373     417     405     414     309     328     333     440     427     411     409     384     428     384     381     349     384     432     419     308     375     311     326     422     395     360     396     393     325     422     442     332     376     423     353     433     316     428     337     310     351     385     433     391     333     327     384     415     363     439     372     321     312     404
       0      225        0        2
     175      125        1        3
     100      125        2        4
     100      125        3        5
     125      125        4        6
     100       75        5        7
     175        0        6        0
       0      175        0        9
     175        0        8       10
     125      100        9       11
     125      100       10       12
     100      125       11       13
     250        0       12        0
     200     200     225     175     150     200     150     175     200     150     175     225     175     175     175     200     175     175     150     175     200     225     175     175     275     225     200     225     200     175     200     225     225     225     225     275     175     200     275     300     375     375     375     325     350     350     275     275     275     350     350     350     350     350     350     325     350     250     275     275
      24      16       6       3       8       3