   60    13
      22      26      10      20      12       8      12      20      14      16       4      20      32      20      20      12       4      18      30      16      14      20      16      20       0       0       0       0       0       0       0       0       0       0       0       0       0       0       0       0       0       0       0       0       0       0       0       0       0       0       0       0       0       0       0       0       0       0       0       0
      22      26      10      20      12       8      12      20      14      16       4      20      32      20      20      12       4      18      30      16      14      20      16      20       0       0       0       0       0       0       0       0       0       0       0       0       0       0       0       0       0       0       0       0       0       0      24      22      18       0       0       0       0       0       0       0       0       0       0       0
      22      26      10      20      12       8      12      20      14      16       4      20      32      20      20      12       4      18      30      16      14      20      16      20       0       0       0       0       0       0       0       0       0       0       0       0       0       0       0       0       0       0       0       0       0       0      24      22      18      20      18      20      10      12      12       8      16      10      18      30
      22      26      10      20      12       8      12      20      14      16       4      20      32      20      20      12       4      18      30      16      14      20      16      20       0       0       0       0       0       0       0       0       0       0       0       0       0       0       0       0       0       0       0       0       0       0      24      22      18      20      18      20      10      12      12       8      16      10      18      30
      22      26      10      20      12       8      12      20      14      16       4      20      32      20      20      12       4      18      30      16      14      20      16      20       0       0       0       0       0       0       0       0       0       0       0       0       0       0       0       0       0       0       0       0       0       0      24      22      18      20      18      20      10      12      12       8      16      10      18      30
      22      26      10      20      12       8      12      20      14      16       4      20      32      20      20      12       4      18      30      16      14      20      16      20       0       0       0       0       0       0       0       0       0       0       0       0       0       0       0       0       0       0       0       0       0       0      24      22      18      20      18      20      10      12      12       8      16      10      18      30
      22      26      10      20      12       8      12      20      14      16       4      20      32      20      20      12       4      18      30      16      14      20      16      20       0       0       0       0       0       0       0       0       0       0       0       0       0       0       0       0       0       0       0       0       0       0      24      22      18      20      18      20      10      12      12       8      16      10      18      30
      22      26      10      20      12       8      12      20      14      16       4      20      32      20      20      12       4      18      30      16      14      20      16      20      14      20      16      10      16      16      14      20      20      22      20      22      16      14      26      14      34      20      28      36      22      34       0       0       0       0       0       0       0       0       0       0       0      10      18      30
      22      26      10      20      12       8      12      20      14      16       4      20      32      20      20      12       4      18      30      16      14      20      16      20      14      20      16      10      16      16      14      20      20      22      20      22      16      14      26      14      34      20      28      36      22      34       0       0       0       0       0       0       0       0       0       0       0      10      18      30
       0       0       0       0       0       0       0       0       0       0       0       0       0       0       0       0       0       0       0       0       0       0       0       0      14      20      16      10      16      16      14      20      20      22      20      22      16      14      26      14      34      20      28      36      22      34       0       0       0       0       0       0       0       0       0       0       0       0       0       0
       0       0       0       0       0       0       0       0       0       0       0       0       0       0       0       0       0       0       0       0       0       0       0       0      14      20      16      10      16      16      14      20      20      22      20      22      16      14      26      14      34      20      28      36      22      34       0       0       0       0       0       0       0       0       0       0       0       0       0       0
       0       0       0       0       0       0       0       0       0       0       0       0       0       0       0       0       0       0       0       0       0       0       0       0      14      20      16      10      16      16      14      20      20      22      20      22      16      14      26      14      34      20      28      36      22      34       0       0       0       0       0       0       0       0       0       0       0       0       0       0
       0       0       0       0       0       0       0       0       0       0       0       0       0       0       0       0       0       0       0       0       0       0       0       0      14      20      16      10      16      16      14      20      20      22      20      22      16      14      26      14      34      20      28      36      22      34       0       0       0       0       0       0       0       0       0       0       0       0       0       0
      14      300      286
      14      300      286
      14      300      286
      14      300      286
      14      300      286
      14      300      286
      14      300      286
      14      300      286
      14      300      286
      14      300      286
      14      300      286
      14      300      286
      14      300      286
     122      74     130      15     129     134     107     106      85      94     120      53      26      49      50     120     104     114      88       9      50      39     103     126      96     103     104       7      13      37     130     106      29     111     141      79      43     125      35      55      76      33       9      38      93     100      83      54     112      71     140      26      50      49     105      53     121      48     143      59
     422     374     430     315     429     434     407     406     385     394     420     353     326     349     350     420     404     414     388     309     350     339     403     426     396     403     404     307     313     337     430     406     329     411     441     379     343     425     335     355     376     333     309     338     393     400     383     354     412     371     440     326     350     349     405     353     421     348     443     359
       0      225        0        2
     175      125        1        3
     100      125        2        4
     100      125        3        5
     125      125        4        6
     100       75        5        7
     175        0        6        0
       0      175        0        9
     175        0        8       10
     125      100        9       11
     125      100       10       12
     100      125       11       13
     250        0       12        0
     200     175     150     225     175     200     175     225     200     175     225     175     175     150     200     175     200     200     150     200     200     225     175     225     300     150     225     275     225     225     225     200     300     275     200     200     200     275     200     275     375     350     375     375     350     400     350     275     275     350     350     325     325     275     325     350     325     275     275     275
      24      16       6       3       8       3