   60    13
      14      22      16      18      14      28      18      18      20      10      38      22      26      26      20      18      14       6       8      24      32      18      16      20       0       0       0       0       0       0       0       0       0       0       0       0       0       0       0       0       0       0       0       0       0       0       0       0       0       0       0       0       0       0       0       0       0       0       0       0
      14      22      16      18      14      28      18      18      20      10      38      22      26      26      20      18      14       6       8      24      32      18      16      20       0       0       0       0       0       0       0       0       0       0       0       0       0       0       0       0       0       0       0       0       0       0      12      26      20       0       0       0       0       0       0       0       0       0       0       0
      14      22      16      18      14      28      18      18      20      10      38      22      26      26      20      18      14       6       8      24      32      18      16      20       0       0       0       0       0       0       0       0       0       0       0       0       0       0       0       0       0       0       0       0       0       0      12      26      20      12      18      14      12      18      26      18      24      40      18      30
      14      22      16      18      14      28      18      18      20      10      38      22      26      26      20      18      14       6       8      24      32      18      16      20       0       0       0       0       0       0       0       0       0       0       0       0       0       0       0       0       0       0       0       0       0       0      12      26      20      12      18      14      12      18      26      18      24      40      18      30
      14      22      16      18      14      28      18      18      20      10      38      22      26      26      20      18      14       6       8      24      32      18      16      20       0       0       0       0       0       0       0       0       0       0       0       0       0       0       0       0       0       0       0       0       0       0      12      26      20      12      18      14      12      18      26      18      24      40      18      30
      14      22      16      18      14      28      18      18      20      10      38      22      26      26      20      18      14       6       8      24      32      18      16      20       0       0       0       0       0       0       0       0       0       0       0       0       0       0       0       0       0       0       0       0       0       0      12      26      20      12      18      14      12      18      26      18      24      40      18      30
      14      22      16      18      14      28      18      18      20      10      38      22      26      26      20      18      14       6       8      24      32      18      16      20       0       0       0       0       0       0       0       0       0       0       0       0       0       0       0       0       0       0       0       0       0       0      12      26      20      12      18      14      12      18      26      18      24      40      18      30
      14      22      16      18      14      28      18      18      20      10      38      22      26      26      20      18      14       6       8      24      32      18      16      20      18      16      18      20      18      16      16      22      14      16      28      18      32      26      20      34      26      24      22      20      22      20       0       0       0       0       0       0       0       0       0       0       0      40      18      30
      14      22      16      18      14      28      18      18      20      10      38      22      26      26      20      18      14       6       8      24      32      18      16      20      18      16      18      20      18      16      16      22      14      16      28      18      32      26      20      34      26      24      22      20      22      20       0       0       0       0       0       0       0       0       0       0       0      40      18      30
       0       0       0       0       0       0       0       0       0       0       0       0       0       0       0       0       0       0       0       0       0       0       0       0      18      16      18      20      18      16      16      22      14      16      28      18      32      26      20      34      26      24      22      20      22      20       0       0       0       0       0       0       0       0       0       0       0       0       0       0
       0       0       0       0       0       0       0       0       0       0       0       0       0       0       0       0       0       0       0       0       0       0       0       0      18      16      18      20      18      16      16      22      14      16      28      18      32      26      20      34      26      24      22      20      22      20       0       0       0       0       0       0       0       0       0       0       0       0       0       0
       0       0       0       0       0       0       0       0       0       0       0       0       0       0       0       0       0       0       0       0       0       0       0       0      18      16      18      20      18      16      16      22      14      16      28      18      32      26      20      34      26      24      22      20      22      20       0       0       0       0       0       0       0       0       0       0       0       0       0       0
       0       0       0       0       0       0       0       0       0       0       0       0       0       0       0       0       0       0       0       0       0       0       0       0      18      16      18      20      18      16      16      22      14      16      28      18      32      26      20      34      26      24      22      20      22      20       0       0       0       0       0       0       0       0       0       0       0       0       0       0
      14      300      286
      14      300      286
      14      300      286
      14      300      286
      14      300      286
      14      300      286
      14      300      286
      14      300      286
      14      300      286
      14      300      286
      14      300      286
      14      300      286
      14      300      286
      53      51      76     117     139     102     142      95      26      75     132     127      20       5      92      64     112      40     119       2      27     135      83      64      15      97     138      96     100      89      21      94      72      91      85      71     110      16      50      63       3     122       9     125       7      98      82     140      29      89     112      39      24       2     106      82      18      73      71      85
     353     351     376     417     439     402     442     395     326     375     432     427     320     305     392     364     412     340     419     302     327     435     383     364     315     397     438     396     400     389     321     394     372     391     385     371     410     316     350     363     303     422     309     425     307     398     382     440     329     389     412     339     324     302     406     382     318     373     371     385
       0      225        0        2
     175      125        1        3
     100      125        2        4
     100      125        3        5
     125      125        4        6
     100       75        5        7
     175        0        6        0
       0      175        0        9
     175        0        8       10
     125      100        9       11
     125      100       10       12
     100      125       11       13
     250        0       12        0
     200     150     150     175     225     175     175     175     225     150     200     175     175     175     200     175     200     225     225     175     150     200     225     225     200     250     175     175     200     225     275     225     150     200     200     200     175     200     275     200     375     400     400     375     350     350     350     275     275     350     275     350     250     350     250     350     350     275     275     250
      24      16       6       3       8       3