   60    13
      14      16      24      12      18      16       6      14      16      18      26      26      18      12      20      36      24      16      20      18      12      14      18      18       0       0       0       0       0       0       0       0       0       0       0       0       0       0       0       0       0       0       0       0       0       0       0       0       0       0       0       0       0       0       0       0       0       0       0       0
      14      16      24      12      18      16       6      14      16      18      26      26      18      12      20      36      24      16      20      18      12      14      18      18       0       0       0       0       0       0       0       0       0       0       0       0       0       0       0       0       0       0       0       0       0       0      16      24      26       0       0       0       0       0       0       0       0       0       0       0
      14      16      24      12      18      16       6      14      16      18      26      26      18      12      20      36      24      16      20      18      12      14      18      18       0       0       0       0       0       0       0       0       0       0       0       0       0       0       0       0       0       0       0       0       0       0      16      24      26      18      16      12      10      28      14      12      20      18      28      22
      14      16      24      12      18      16       6      14      16      18      26      26      18      12      20      36      24      16      20      18      12      14      18      18       0       0       0       0       0       0       0       0       0       0       0       0       0       0       0       0       0       0       0       0       0       0      16      24      26      18      16      12      10      28      14      12      20      18      28      22
      14      16      24      12      18      16       6      14      16      18      26      26      18      12      20      36      24      16      20      18      12      14      18      18       0       0       0       0       0       0       0       0       0       0       0       0       0       0       0       0       0       0       0       0       0       0      16      24      26      18      16      12      10      28      14      12      20      18      28      22
      14      16      24      12      18      16       6      14      16      18      26      26      18      12      20      36      24      16      20      18      12      14      18      18       0       0       0       0       0       0       0       0       0       0       0       0       0       0       0       0       0       0       0       0       0       0      16      24      26      18      16      12      10      28      14      12      20      18      28      22
      14      16      24      12      18      16       6      14      16      18      26      26      18      12      20      36      24      16      20      18      12      14      18      18       0       0       0       0       0       0       0       0       0       0       0       0       0       0       0       0       0       0       0       0       0       0      16      24      26      18      16      12      10      28      14      12      20      18      28      22
      14      16      24      12      18      16       6      14      16      18      26      26      18      12      20      36      24      16      20      18      12      14      18      18      26      24      22      20      20      18      22      22      28      28      16      20      12      24      26      20      24      16      18      24      22      24       0       0       0       0       0       0       0       0       0       0       0      18      28      22
      14      16      24      12      18      16       6      14      16      18      26      26      18      12      20      36      24      16      20      18      12      14      18      18      26      24      22      20      20      18      22      22      28      28      16      20      12      24      26      20      24      16      18      24      22      24       0       0       0       0       0       0       0       0       0       0       0      18      28      22
       0       0       0       0       0       0       0       0       0       0       0       0       0       0       0       0       0       0       0       0       0       0       0       0      26      24      22      20      20      18      22      22      28      28      16      20      12      24      26      20      24      16      18      24      22      24       0       0       0       0       0       0       0       0       0       0       0       0       0       0
       0       0       0       0       0       0       0       0       0       0       0       0       0       0       0       0       0       0       0       0       0       0       0       0      26      24      22      20      20      18      22      22      28      28      16      20      12      24      26      20      24      16      18      24      22      24       0       0       0       0       0       0       0       0       0       0       0       0       0       0
       0       0       0       0       0       0       0       0       0       0       0       0       0       0       0       0       0       0       0       0       0       0       0       0      26      24      22      20      20      18      22      22      28      28      16      20      12      24      26      20      24      16      18      24      22      24       0       0       0       0       0       0       0       0       0       0       0       0       0       0
       0       0       0       0       0       0       0       0       0       0       0       0       0       0       0       0       0       0       0       0       0       0       0       0      26      24      22      20      20      18      22      22      28      28      16      20      12      24      26      20      24      16      18      24      22      24       0       0       0       0       0       0       0       0       0       0       0       0       0       0
      14      300      286
      14      300      286
      14      300      286
      14      300      286
      14      300      286
      14      300      286
      14      300      286
      14      300      286
      14      300      286
      14      300      286
      14      300      286
      14      300      286
      14      300      286
      59       5     111      34      15      38      68      72      51      37      14     131       8      63      32      97     129      36      36     131     126      41      42      82     141      85      64     132     131     124      37       7      69      89     104      49     104      13      64      16      18     125      61      89      31      15      10      85     117      45     133      46      20      65      97     101      41      73     121      14
     359     305     411     334     315     338     368     372     351     337     314     431     308     363     332     397     429     336     336     431     426     341     342     382     441     385     364     432     431     424     337     307     369     389     404     349     404     313     364     316     318     425     361     389     331     315     310     385     417     345     433     346     320     365     397     401     341     373     421     314
       0      225        0        2
     175      125        1        3
     100      125        2        4
     100      125        3        5
     125      125        4        6
     100       75        5        7
     175        0        6        0
       0      175        0        9
     175        0        8       10
     125      100        9       11
     125      100       10       12
     100      125       11       13
     250        0       12        0
     200     175     175     200     200     150     225     200     150     175     175     175     175     200     175     225     200     175     225     175     150     225     200     150     250     175     300     300     150     300     225     200     225     200     200     175     275     275     275     200     375     350     375     375     350     350     275     350     350     350     325     350     325     250     350     350     350     275     275     275
      24      16       6       3       8       3