   60    13
      24      14      36       6      20       6      16      12      24      12      24      30      16      16      20      14      40      38      26      34      28      14      18      16       0       0       0       0       0       0       0       0       0       0       0       0       0       0       0       0       0       0       0       0       0       0       0       0       0       0       0       0       0       0       0       0       0       0       0       0
      24      14      36       6      20       6      16      12      24      12      24      30      16      16      20      14      40      38      26      34      28      14      18      16       0       0       0       0       0       0       0       0       0       0       0       0       0       0       0       0       0       0       0       0       0       0      24      24      20       0       0       0       0       0       0       0       0       0       0       0
      24      14      36       6      20       6      16      12      24      12      24      30      16      16      20      14      40      38      26      34      28      14      18      16       0       0       0       0       0       0       0       0       0       0       0       0       0       0       0       0       0       0       0       0       0       0      24      24      20      10       8      24      10      16      26      14      12      40      20      14
      24      14      36       6      20       6      16      12      24      12      24      30      16      16      20      14      40      38      26      34      28      14      18      16       0       0       0       0       0       0       0       0       0       0       0       0       0       0       0       0       0       0       0       0       0       0      24      24      20      10       8      24      10      16      26      14      12      40      20      14
      24      14      36       6      20       6      16      12      24      12      24      30      16      16      20      14      40      38      26      34      28      14      18      16       0       0       0       0       0       0       0       0       0       0       0       0       0       0       0       0       0       0       0       0       0       0      24      24      20      10       8      24      10      16      26      14      12      40      20      14
      24      14      36       6      20       6      16      12      24      12      24      30      16      16      20      14      40      38      26      34      28      14      18      16       0       0       0       0       0       0       0       0       0       0       0       0       0       0       0       0       0       0       0       0       0       0      24      24      20      10       8      24      10      16      26      14      12      40      20      14
      24      14      36       6      20       6      16      12      24      12      24      30      16      16      20      14      40      38      26      34      28      14      18      16       0       0       0       0       0       0       0       0       0       0       0       0       0       0       0       0       0       0       0       0       0       0      24      24      20      10       8      24      10      16      26      14      12      40      20      14
      24      14      36       6      20       6      16      12      24      12      24      30      16      16      20      14      40      38      26      34      28      14      18      16      14      20      24       8      24      18      16      22      26      16      18      22      22      14      20      20      18      20      22      22      28      28       0       0       0       0       0       0       0       0       0       0       0      40      20      14
      24      14      36       6      20       6      16      12      24      12      24      30      16      16      20      14      40      38      26      34      28      14      18      16      14      20      24       8      24      18      16      22      26      16      18      22      22      14      20      20      18      20      22      22      28      28       0       0       0       0       0       0       0       0       0       0       0      40      20      14
       0       0       0       0       0       0       0       0       0       0       0       0       0       0       0       0       0       0       0       0       0       0       0       0      14      20      24       8      24      18      16      22      26      16      18      22      22      14      20      20      18      20      22      22      28      28       0       0       0       0       0       0       0       0       0       0       0       0       0       0
       0       0       0       0       0       0       0       0       0       0       0       0       0       0       0       0       0       0       0       0       0       0       0       0      14      20      24       8      24      18      16      22      26      16      18      22      22      14      20      20      18      20      22      22      28      28       0       0       0       0       0       0       0       0       0       0       0       0       0       0
       0       0       0       0       0       0       0       0       0       0       0       0       0       0       0       0       0       0       0       0       0       0       0       0      14      20      24       8      24      18      16      22      26      16      18      22      22      14      20      20      18      20      22      22      28      28       0       0       0       0       0       0       0       0       0       0       0       0       0       0
       0       0       0       0       0       0       0       0       0       0       0       0       0       0       0       0       0       0       0       0       0       0       0       0      14      20      24       8      24      18      16      22      26      16      18      22      22      14      20      20      18      20      22      22      28      28       0       0       0       0       0       0       0       0       0       0       0       0       0       0
      14      300      286
      14      300      286
      14      300      286
      14      300      286
      14      300      286
      14      300      286
      14      300      286
      14      300      286
      14      300      286
      14      300      286
      14      300      286
      14      300      286
      14      300      286
     134     127      57     136      26       6     102      61     136      17      26      60       2      19      74      41     137     106      67     124     103     137      22      19      60      79      99      77      74      69      45      36      68      89     114      37      29      11      58      50     114      41      73       8      19       5     116     124      53     100      68     125      73      31      97     108     142      67     131      96
     434     427     357     436     326     306     402     361     436     317     326     360     302     319     374     341     437     406     367     424     403     437     322     319     360     379     399     377     374     369     345     336     368     389     414     337     329     311     358     350     414     341     373     308     319     305     416     424     353     400     368     425     373     331     397     408     442     367     431     396
       0      225        0        2
     175      125        1        3
     100      125        2        4
     100      125        3        5
     125      125        4        6
     100       75        5        7
     175        0        6        0
       0      175        0        9
     175        0        8       10
     125      100        9       11
     125      100       10       12
     100      125       11       13
     250        0       12        0
     200     225     175     150     225     225     150     175     150     225     150     175     175     200     150     200     200     175     200     175     175     200     225     150     300     250     200     200     275     200     225     300     225     275     275     300     250     175     200     250     350     350     350     375     400     350     350     275     350     350     325     300     325     325     325     350     250     250     275     275
      24      16       6       3       8       3