   60    13
      14       8      12      36      24      28      22      48       6      30      22      36      14      18      20      18      14      20      42      16      18      12      18      16       0       0       0       0       0       0       0       0       0       0       0       0       0       0       0       0       0       0       0       0       0       0       0       0       0       0       0       0       0       0       0       0       0       0       0       0
      14       8      12      36      24      28      22      48       6      30      22      36      14      18      20      18      14      20      42      16      18      12      18      16       0       0       0       0       0       0       0       0       0       0       0       0       0       0       0       0       0       0       0       0       0       0      20      20      16       0       0       0       0       0       0       0       0       0       0       0
      14       8      12      36      24      28      22      48       6      30      22      36      14      18      20      18      14      20      42      16      18      12      18      16       0       0       0       0       0       0       0       0       0       0       0       0       0       0       0       0       0       0       0       0       0       0      20      20      16      10      14      10      10      10      34      34      18      24      16      16
      14       8      12      36      24      28      22      48       6      30      22      36      14      18      20      18      14      20      42      16      18      12      18      16       0       0       0       0       0       0       0       0       0       0       0       0       0       0       0       0       0       0       0       0       0       0      20      20      16      10      14      10      10      10      34      34      18      24      16      16
      14       8      12      36      24      28      22      48       6      30      22      36      14      18      20      18      14      20      42      16      18      12      18      16       0       0       0       0       0       0       0       0       0       0       0       0       0       0       0       0       0       0       0       0       0       0      20      20      16      10      14      10      10      10      34      34      18      24      16      16
      14       8      12      36      24      28      22      48       6      30      22      36      14      18      20      18      14      20      42      16      18      12      18      16       0       0       0       0       0       0       0       0       0       0       0       0       0       0       0       0       0       0       0       0       0       0      20      20      16      10      14      10      10      10      34      34      18      24      16      16
      14       8      12      36      24      28      22      48       6      30      22      36      14      18      20      18      14      20      42      16      18      12      18      16       0       0       0       0       0       0       0       0       0       0       0       0       0       0       0       0       0       0       0       0       0       0      20      20      16      10      14      10      10      10      34      34      18      24      16      16
      14       8      12      36      24      28      22      48       6      30      22      36      14      18      20      18      14      20      42      16      18      12      18      16      18      16      28      20      26      20      30      22      22      20      20      22      16      22      14      28      24      20      24       4      22      18       0       0       0       0       0       0       0       0       0       0       0      24      16      16
      14       8      12      36      24      28      22      48       6      30      22      36      14      18      20      18      14      20      42      16      18      12      18      16      18      16      28      20      26      20      30      22      22      20      20      22      16      22      14      28      24      20      24       4      22      18       0       0       0       0       0       0       0       0       0       0       0      24      16      16
       0       0       0       0       0       0       0       0       0       0       0       0       0       0       0       0       0       0       0       0       0       0       0       0      18      16      28      20      26      20      30      22      22      20      20      22      16      22      14      28      24      20      24       4      22      18       0       0       0       0       0       0       0       0       0       0       0       0       0       0
       0       0       0       0       0       0       0       0       0       0       0       0       0       0       0       0       0       0       0       0       0       0       0       0      18      16      28      20      26      20      30      22      22      20      20      22      16      22      14      28      24      20      24       4      22      18       0       0       0       0       0       0       0       0       0       0       0       0       0       0
       0       0       0       0       0       0       0       0       0       0       0       0       0       0       0       0       0       0       0       0       0       0       0       0      18      16      28      20      26      20      30      22      22      20      20      22      16      22      14      28      24      20      24       4      22      18       0       0       0       0       0       0       0       0       0       0       0       0       0       0
       0       0       0       0       0       0       0       0       0       0       0       0       0       0       0       0       0       0       0       0       0       0       0       0      18      16      28      20      26      20      30      22      22      20      20      22      16      22      14      28      24      20      24       4      22      18       0       0       0       0       0       0       0       0       0       0       0       0       0       0
      14      300      286
      14      300      286
      14      300      286
      14      300      286
      14      300      286
      14      300      286
      14      300      286
      14      300      286
      14      300      286
      14      300      286
      14      300      286
      14      300      286
      14      300      286
      65     104       3      94      36     118     137      49      77     142      39     134     140     120     116     129       1      32      98     117      81      90       2     101     123      72     133      23      17      14      53      65      67      88     123      26      97      10      79     113      34     129     112      54      55      77      82      30      60       1      11      52      17     127      88     119      64      73      28      87
     365     404     303     394     336     418     437     349     377     442     339     434     440     420     416     429     301     332     398     417     381     390     302     401     423     372     433     323     317     314     353     365     367     388     423     326     397     310     379     413     334     429     412     354     355     377     382     330     360     301     311     352     317     427     388     419     364     373     328     387
       0      225        0        2
     175      125        1        3
     100      125        2        4
     100      125        3        5
     125      125        4        6
     100       75        5        7
     175        0        6        0
       0      175        0        9
     175        0        8       10
     125      100        9       11
     125      100       10       12
     100      125       11       13
     250        0       12        0
     200     200     200     200     175     200     175     225     150     175     150     175     175     225     225     175     225     175     200     150     150     175     175     150     200     200     275     250     250     200     200     275     200     200     200     275     225     225     300     200     400     350     350     350     375     375     275     350     350     350     350     325     350     325     325     375     350     275     275     275
      24      16       6       3       8       3