   60    13
      14      26      20      22      34      14      14      30      26      14      18      10      42      30      20      38      22      30      18      10      24      42      18      14       0       0       0       0       0       0       0       0       0       0       0       0       0       0       0       0       0       0       0       0       0       0       0       0       0       0       0       0       0       0       0       0       0       0       0       0
      14      26      20      22      34      14      14      30      26      14      18      10      42      30      20      38      22      30      18      10      24      42      18      14       0       0       0       0       0       0       0       0       0       0       0       0       0       0       0       0       0       0       0       0       0       0      24      20      20       0       0       0       0       0       0       0       0       0       0       0
      14      26      20      22      34      14      14      30      26      14      18      10      42      30      20      38      22      30      18      10      24      42      18      14       0       0       0       0       0       0       0       0       0       0       0       0       0       0       0       0       0       0       0       0       0       0      24      20      20      16      12      32       8      12      16      16      18      40      22      10
      14      26      20      22      34      14      14      30      26      14      18      10      42      30      20      38      22      30      18      10      24      42      18      14       0       0       0       0       0       0       0       0       0       0       0       0       0       0       0       0       0       0       0       0       0       0      24      20      20      16      12      32       8      12      16      16      18      40      22      10
      14      26      20      22      34      14      14      30      26      14      18      10      42      30      20      38      22      30      18      10      24      42      18      14       0       0       0       0       0       0       0       0       0       0       0       0       0       0       0       0       0       0       0       0       0       0      24      20      20      16      12      32       8      12      16      16      18      40      22      10
      14      26      20      22      34      14      14      30      26      14      18      10      42      30      20      38      22      30      18      10      24      42      18      14       0       0       0       0       0       0       0       0       0       0       0       0       0       0       0       0       0       0       0       0       0       0      24      20      20      16      12      32       8      12      16      16      18      40      22      10
      14      26      20      22      34      14      14      30      26      14      18      10      42      30      20      38      22      30      18      10      24      42      18      14       0       0       0       0       0       0       0       0       0       0       0       0       0       0       0       0       0       0       0       0       0       0      24      20      20      16      12      32       8      12      16      16      18      40      22      10
      14      26      20      22      34      14      14      30      26      14      18      10      42      30      20      38      22      30      18      10      24      42      18      14      26      22      14      20       8      20      18      22      18      14      24      26      18      20      20      18      22      26      20      20      22      22       0       0       0       0       0       0       0       0       0       0       0      40      22      10
      14      26      20      22      34      14      14      30      26      14      18      10      42      30      20      38      22      30      18      10      24      42      18      14      26      22      14      20       8      20      18      22      18      14      24      26      18      20      20      18      22      26      20      20      22      22       0       0       0       0       0       0       0       0       0       0       0      40      22      10
       0       0       0       0       0       0       0       0       0       0       0       0       0       0       0       0       0       0       0       0       0       0       0       0      26      22      14      20       8      20      18      22      18      14      24      26      18      20      20      18      22      26      20      20      22      22       0       0       0       0       0       0       0       0       0       0       0       0       0       0
       0       0       0       0       0       0       0       0       0       0       0       0       0       0       0       0       0       0       0       0       0       0       0       0      26      22      14      20       8      20      18      22      18      14      24      26      18      20      20      18      22      26      20      20      22      22       0       0       0       0       0       0       0       0       0       0       0       0       0       0
       0       0       0       0       0       0       0       0       0       0       0       0       0       0       0       0       0       0       0       0       0       0       0       0      26      22      14      20       8      20      18      22      18      14      24      26      18      20      20      18      22      26      20      20      22      22       0       0       0       0       0       0       0       0       0       0       0       0       0       0
       0       0       0       0       0       0       0       0       0       0       0       0       0       0       0       0       0       0       0       0       0       0       0       0      26      22      14      20       8      20      18      22      18      14      24      26      18      20      20      18      22      26      20      20      22      22       0       0       0       0       0       0       0       0       0       0       0       0       0       0
      14      300      286
      14      300      286
      14      300      286
      14      300      286
      14      300      286
      14      300      286
      14      300      286
      14      300      286
      14      300      286
      14      300      286
      14      300      286
      14      300      286
      14      300      286
      71      58      39      10      56      54      63      27     102     104      64     138     128      34      56      17      18      28      16     102      35     140     106     119     104      60      59      58      48      49      69     122      65      87     143       4      91       6      93      66      50     132      20      19      79     138      10     119       4     101      32      59      13      45      79     138      87      73      78      16
     371     358     339     310     356     354     363     327     402     404     364     438     428     334     356     317     318     328     316     402     335     440     406     419     404     360     359     358     348     349     369     422     365     387     443     304     391     306     393     366     350     432     320     319     379     438     310     419     304     401     332     359     313     345     379     438     387     373     378     316
       0      225        0        2
     175      125        1        3
     100      125        2        4
     100      125        3        5
     125      125        4        6
     100       75        5        7
     175        0        6        0
       0      175        0        9
     175        0        8       10
     125      100        9       11
     125      100       10       12
     100      125       11       13
     250        0       12        0
     200     225     225     225     225     175     200     150     175     200     200     175     175     175     200     150     225     200     200     225     225     200     150     175     250     250     225     225     200     300     200     200     300     200     200     225     200     175     175     200     400     375     350     350     325     375     350     275     350     350     350     325     375     325     350     250     250     275     250     250
      24      16       6       3       8       3