   60    13
      26      22      26      20      44       4      20      24      12      36      16      12      30       4      22      14      32      18      22      18      16      32      18      14       0       0       0       0       0       0       0       0       0       0       0       0       0       0       0       0       0       0       0       0       0       0       0       0       0       0       0       0       0       0       0       0       0       0       0       0
      26      22      26      20      44       4      20      24      12      36      16      12      30       4      22      14      32      18      22      18      16      32      18      14       0       0       0       0       0       0       0       0       0       0       0       0       0       0       0       0       0       0       0       0       0       0      26      18      24       0       0       0       0       0       0       0       0       0       0       0
      26      22      26      20      44       4      20      24      12      36      16      12      30       4      22      14      32      18      22      18      16      32      18      14       0       0       0       0       0       0       0       0       0       0       0       0       0       0       0       0       0       0       0       0       0       0      26      18      24      22      12      24       8      26      12      28      18      26      16      18
      26      22      26      20      44       4      20      24      12      36      16      12      30       4      22      14      32      18      22      18      16      32      18      14       0       0       0       0       0       0       0       0       0       0       0       0       0       0       0       0       0       0       0       0       0       0      26      18      24      22      12      24       8      26      12      28      18      26      16      18
      26      22      26      20      44       4      20      24      12      36      16      12      30       4      22      14      32      18      22      18      16      32      18      14       0       0       0       0       0       0       0       0       0       0       0       0       0       0       0       0       0       0       0       0       0       0      26      18      24      22      12      24       8      26      12      28      18      26      16      18
      26      22      26      20      44       4      20      24      12      36      16      12      30       4      22      14      32      18      22      18      16      32      18      14       0       0       0       0       0       0       0       0       0       0       0       0       0       0       0       0       0       0       0       0       0       0      26      18      24      22      12      24       8      26      12      28      18      26      16      18
      26      22      26      20      44       4      20      24      12      36      16      12      30       4      22      14      32      18      22      18      16      32      18      14       0       0       0       0       0       0       0       0       0       0       0       0       0       0       0       0       0       0       0       0       0       0      26      18      24      22      12      24       8      26      12      28      18      26      16      18
      26      22      26      20      44       4      20      24      12      36      16      12      30       4      22      14      32      18      22      18      16      32      18      14      12      18      16      40      14      22      34      22      16      20      26      28      28      28      12      12      22      28      24      36      22      24       0       0       0       0       0       0       0       0       0       0       0      26      16      18
      26      22      26      20      44       4      20      24      12      36      16      12      30       4      22      14      32      18      22      18      16      32      18      14      12      18      16      40      14      22      34      22      16      20      26      28      28      28      12      12      22      28      24      36      22      24       0       0       0       0       0       0       0       0       0       0       0      26      16      18
       0       0       0       0       0       0       0       0       0       0       0       0       0       0       0       0       0       0       0       0       0       0       0       0      12      18      16      40      14      22      34      22      16      20      26      28      28      28      12      12      22      28      24      36      22      24       0       0       0       0       0       0       0       0       0       0       0       0       0       0
       0       0       0       0       0       0       0       0       0       0       0       0       0       0       0       0       0       0       0       0       0       0       0       0      12      18      16      40      14      22      34      22      16      20      26      28      28      28      12      12      22      28      24      36      22      24       0       0       0       0       0       0       0       0       0       0       0       0       0       0
       0       0       0       0       0       0       0       0       0       0       0       0       0       0       0       0       0       0       0       0       0       0       0       0      12      18      16      40      14      22      34      22      16      20      26      28      28      28      12      12      22      28      24      36      22      24       0       0       0       0       0       0       0       0       0       0       0       0       0       0
       0       0       0       0       0       0       0       0       0       0       0       0       0       0       0       0       0       0       0       0       0       0       0       0      12      18      16      40      14      22      34      22      16      20      26      28      28      28      12      12      22      28      24      36      22      24       0       0       0       0       0       0       0       0       0       0       0       0       0       0
      14      300      286
      14      300      286
      14      300      286
      14      300      286
      14      300      286
      14      300      286
      14      300      286
      14      300      286
      14      300      286
      14      300      286
      14      300      286
      14      300      286
      14      300      286
       2      35     129     113      66      22      97      16      43      85      76      68     122     134      98     105      26      98      47      95      13      92      86      57      23      54      93       4     135     139      77       7      64      86       9     136      16       4      29     115      57      62      46       1      19      96     118      19     120      79      43     134      11       4       2      75      27       2     103     124
     302     335     429     413     366     322     397     316     343     385     376     368     422     434     398     405     326     398     347     395     313     392     386     357     323     354     393     304     435     439     377     307     364     386     309     436     316     304     329     415     357     362     346     301     319     396     418     319     420     379     343     434     311     304     302     375     327     302     403     424
       0      225        0        2
     175      125        1        3
     100      125        2        4
     100      125        3        5
     125      125        4        6
     100       75        5        7
     175        0        6        0
       0      175        0        9
     175        0        8       10
     125      100        9       11
     125      100       10       12
     100      125       11       13
     250        0       12        0
     200     200     150     175     175     175     225     200     175     175     175     175     175     175     175     225     150     225     175     225     175     175     175     175     300     200     150     300     200     200     175     200     250     275     225     200     175     200     225     200     350     350     400     400     375     350     275     275     350     350     350     350     350     350     250     350     350     275     325     275
      24      16       6       3       8       3