   60    13
      16      14      18      12      16      14      18      18      14      44      10      16      18      20      22      40      20      16      16      24      14      22      18       6       0       0       0       0       0       0       0       0       0       0       0       0       0       0       0       0       0       0       0       0       0       0       0       0       0       0       0       0       0       0       0       0       0       0       0       0
      16      14      18      12      16      14      18      18      14      44      10      16      18      20      22      40      20      16      16      24      14      22      18       6       0       0       0       0       0       0       0       0       0       0       0       0       0       0       0       0       0       0       0       0       0       0      16      16      16       0       0       0       0       0       0       0       0       0       0       0
      16      14      18      12      16      14      18      18      14      44      10      16      18      20      22      40      20      16      16      24      14      22      18       6       0       0       0       0       0       0       0       0       0       0       0       0       0       0       0       0       0       0       0       0       0       0      16      16      16      14      10      16      26      18      18      24      16      26      18      20
      16      14      18      12      16      14      18      18      14      44      10      16      18      20      22      40      20      16      16      24      14      22      18       6       0       0       0       0       0       0       0       0       0       0       0       0       0       0       0       0       0       0       0       0       0       0      16      16      16      14      10      16      26      18      18      24      16      26      18      20
      16      14      18      12      16      14      18      18      14      44      10      16      18      20      22      40      20      16      16      24      14      22      18       6       0       0       0       0       0       0       0       0       0       0       0       0       0       0       0       0       0       0       0       0       0       0      16      16      16      14      10      16      26      18      18      24      16      26      18      20
      16      14      18      12      16      14      18      18      14      44      10      16      18      20      22      40      20      16      16      24      14      22      18       6       0       0       0       0       0       0       0       0       0       0       0       0       0       0       0       0       0       0       0       0       0       0      16      16      16      14      10      16      26      18      18      24      16      26      18      20
      16      14      18      12      16      14      18      18      14      44      10      16      18      20      22      40      20      16      16      24      14      22      18       6       0       0       0       0       0       0       0       0       0       0       0       0       0       0       0       0       0       0       0       0       0       0      16      16      16      14      10      16      26      18      18      24      16      26      18      20
      16      14      18      12      16      14      18      18      14      44      10      16      18      20      22      40      20      16      16      24      14      22      18       6      24      20      24      20      20      24      10      22      26      18      16      14      22      16      10      16      22      22      22      36      22      20       0       0       0       0       0       0       0       0       0       0       0      26      18      20
      16      14      18      12      16      14      18      18      14      44      10      16      18      20      22      40      20      16      16      24      14      22      18       6      24      20      24      20      20      24      10      22      26      18      16      14      22      16      10      16      22      22      22      36      22      20       0       0       0       0       0       0       0       0       0       0       0      26      18      20
       0       0       0       0       0       0       0       0       0       0       0       0       0       0       0       0       0       0       0       0       0       0       0       0      24      20      24      20      20      24      10      22      26      18      16      14      22      16      10      16      22      22      22      36      22      20       0       0       0       0       0       0       0       0       0       0       0       0       0       0
       0       0       0       0       0       0       0       0       0       0       0       0       0       0       0       0       0       0       0       0       0       0       0       0      24      20      24      20      20      24      10      22      26      18      16      14      22      16      10      16      22      22      22      36      22      20       0       0       0       0       0       0       0       0       0       0       0       0       0       0
       0       0       0       0       0       0       0       0       0       0       0       0       0       0       0       0       0       0       0       0       0       0       0       0      24      20      24      20      20      24      10      22      26      18      16      14      22      16      10      16      22      22      22      36      22      20       0       0       0       0       0       0       0       0       0       0       0       0       0       0
       0       0       0       0       0       0       0       0       0       0       0       0       0       0       0       0       0       0       0       0       0       0       0       0      24      20      24      20      20      24      10      22      26      18      16      14      22      16      10      16      22      22      22      36      22      20       0       0       0       0       0       0       0       0       0       0       0       0       0       0
      14      300      286
      14      300      286
      14      300      286
      14      300      286
      14      300      286
      14      300      286
      14      300      286
      14      300      286
      14      300      286
      14      300      286
      14      300      286
      14      300      286
      14      300      286
      82     110     110     131      96      70      57     126       9      27     114       1     104       4      80      82      52      20     140      73      89      94      26      12      68      35      54     129     109     119     102      93      61      84      38     103      78     143     122     116      81     139     124      92     126     116      10       8      35      12      75      72       6      26      61      31     133      74      34      17
     382     410     410     431     396     370     357     426     309     327     414     301     404     304     380     382     352     320     440     373     389     394     326     312     368     335     354     429     409     419     402     393     361     384     338     403     378     443     422     416     381     439     424     392     426     416     310     308     335     312     375     372     306     326     361     331     433     374     334     317
       0      225        0        2
     175      125        1        3
     100      125        2        4
     100      125        3        5
     125      125        4        6
     100       75        5        7
     175        0        6        0
       0      175        0        9
     175        0        8       10
     125      100        9       11
     125      100       10       12
     100      125       11       13
     250        0       12        0
     200     200     175     150     175     225     175     175     200     150     225     175     175     225     225     175     150     175     175     200     225     200     200     175     250     200     200     175     250     275     275     225     175     200     150     275     225     200     200     200     350     375     375     350     350     350     350     350     275     250     325     350     350     350     350     300     325     300     275     275
      24      16       6       3       8       3