   60    13
      16      36      30      30      20      26       8      14      42      18      38      20      14      38      22      18       6      22      28      18      20      18      36      14       0       0       0       0       0       0       0       0       0       0       0       0       0       0       0       0       0       0       0       0       0       0       0       0       0       0       0       0       0       0       0       0       0       0       0       0
      16      36      30      30      20      26       8      14      42      18      38      20      14      38      22      18       6      22      28      18      20      18      36      14       0       0       0       0       0       0       0       0       0       0       0       0       0       0       0       0       0       0       0       0       0       0      20      22      24       0       0       0       0       0       0       0       0       0       0       0
      16      36      30      30      20      26       8      14      42      18      38      20      14      38      22      18       6      22      28      18      20      18      36      14       0       0       0       0       0       0       0       0       0       0       0       0       0       0       0       0       0       0       0       0       0       0      20      22      24      20      18      16       8      16      12      12      10      22      24      24
      16      36      30      30      20      26       8      14      42      18      38      20      14      38      22      18       6      22      28      18      20      18      36      14       0       0       0       0       0       0       0       0       0       0       0       0       0       0       0       0       0       0       0       0       0       0      20      22      24      20      18      16       8      16      12      12      10      22      24      24
      16      36      30      30      20      26       8      14      42      18      38      20      14      38      22      18       6      22      28      18      20      18      36      14       0       0       0       0       0       0       0       0       0       0       0       0       0       0       0       0       0       0       0       0       0       0      20      22      24      20      18      16       8      16      12      12      10      22      24      24
      16      36      30      30      20      26       8      14      42      18      38      20      14      38      22      18       6      22      28      18      20      18      36      14       0       0       0       0       0       0       0       0       0       0       0       0       0       0       0       0       0       0       0       0       0       0      20      22      24      20      18      16       8      16      12      12      10      22      24      24
      16      36      30      30      20      26       8      14      42      18      38      20      14      38      22      18       6      22      28      18      20      18      36      14       0       0       0       0       0       0       0       0       0       0       0       0       0       0       0       0       0       0       0       0       0       0      20      22      24      20      18      16       8      16      12      12      10      22      24      24
      16      36      30      30      20      26       8      14      42      18      38      20      14      38      22      18       6      22      28      18      20      18      36      14      18      14      26      14      32      12      26      12      18      22      18      20      20      32      30      20      24      36      18      20      12      18       0       0       0       0       0       0       0       0       0       0       0      22      24      24
      16      36      30      30      20      26       8      14      42      18      38      20      14      38      22      18       6      22      28      18      20      18      36      14      18      14      26      14      32      12      26      12      18      22      18      20      20      32      30      20      24      36      18      20      12      18       0       0       0       0       0       0       0       0       0       0       0      22      24      24
       0       0       0       0       0       0       0       0       0       0       0       0       0       0       0       0       0       0       0       0       0       0       0       0      18      14      26      14      32      12      26      12      18      22      18      20      20      32      30      20      24      36      18      20      12      18       0       0       0       0       0       0       0       0       0       0       0       0       0       0
       0       0       0       0       0       0       0       0       0       0       0       0       0       0       0       0       0       0       0       0       0       0       0       0      18      14      26      14      32      12      26      12      18      22      18      20      20      32      30      20      24      36      18      20      12      18       0       0       0       0       0       0       0       0       0       0       0       0       0       0
       0       0       0       0       0       0       0       0       0       0       0       0       0       0       0       0       0       0       0       0       0       0       0       0      18      14      26      14      32      12      26      12      18      22      18      20      20      32      30      20      24      36      18      20      12      18       0       0       0       0       0       0       0       0       0       0       0       0       0       0
       0       0       0       0       0       0       0       0       0       0       0       0       0       0       0       0       0       0       0       0       0       0       0       0      18      14      26      14      32      12      26      12      18      22      18      20      20      32      30      20      24      36      18      20      12      18       0       0       0       0       0       0       0       0       0       0       0       0       0       0
      14      300      286
      14      300      286
      14      300      286
      14      300      286
      14      300      286
      14      300      286
      14      300      286
      14      300      286
      14      300      286
      14      300      286
      14      300      286
      14      300      286
      14      300      286
      88      64       2      48     117       6     127     103      34     133     139       5      92      62      20     114      68      16      57      58      44       1      54      74      29     113      21     131      53      51      84      37     109      37     133      77      48     143      39      37      57      22      38      13     106      42      82     102     136      22      86      98     141     105      63      23      83     103      43      19
     388     364     302     348     417     306     427     403     334     433     439     305     392     362     320     414     368     316     357     358     344     301     354     374     329     413     321     431     353     351     384     337     409     337     433     377     348     443     339     337     357     322     338     313     406     342     382     402     436     322     386     398     441     405     363     323     383     403     343     319
       0      225        0        2
     175      125        1        3
     100      125        2        4
     100      125        3        5
     125      125        4        6
     100       75        5        7
     175        0        6        0
       0      175        0        9
     175        0        8       10
     125      100        9       11
     125      100       10       12
     100      125       11       13
     250        0       12        0
     200     225     200     175     225     200     225     200     200     175     200     175     175     150     175     225     175     200     150     175     225     175     225     150     300     300     225     250     275     200     225     225     175     225     200     250     175     200     250     200     375     350     350     375     375     375     275     350     350     250     325     350     350     325     350     350     250     275     275     275
      24      16       6       3       8       3