   60    13
      30      28       8      24      22      18      16      12      16      10      30      22      10      12      22      24      14      14      46      30      14      18      18      34       0       0       0       0       0       0       0       0       0       0       0       0       0       0       0       0       0       0       0       0       0       0       0       0       0       0       0       0       0       0       0       0       0       0       0       0
      30      28       8      24      22      18      16      12      16      10      30      22      10      12      22      24      14      14      46      30      14      18      18      34       0       0       0       0       0       0       0       0       0       0       0       0       0       0       0       0       0       0       0       0       0       0      22      26      24       0       0       0       0       0       0       0       0       0       0       0
      30      28       8      24      22      18      16      12      16      10      30      22      10      12      22      24      14      14      46      30      14      18      18      34       0       0       0       0       0       0       0       0       0       0       0       0       0       0       0       0       0       0       0       0       0       0      22      26      24      10      32      12      22      12      24      28      18      10      28      18
      30      28       8      24      22      18      16      12      16      10      30      22      10      12      22      24      14      14      46      30      14      18      18      34       0       0       0       0       0       0       0       0       0       0       0       0       0       0       0       0       0       0       0       0       0       0      22      26      24      10      32      12      22      12      24      28      18      10      28      18
      30      28       8      24      22      18      16      12      16      10      30      22      10      12      22      24      14      14      46      30      14      18      18      34       0       0       0       0       0       0       0       0       0       0       0       0       0       0       0       0       0       0       0       0       0       0      22      26      24      10      32      12      22      12      24      28      18      10      28      18
      30      28       8      24      22      18      16      12      16      10      30      22      10      12      22      24      14      14      46      30      14      18      18      34       0       0       0       0       0       0       0       0       0       0       0       0       0       0       0       0       0       0       0       0       0       0      22      26      24      10      32      12      22      12      24      28      18      10      28      18
      30      28       8      24      22      18      16      12      16      10      30      22      10      12      22      24      14      14      46      30      14      18      18      34       0       0       0       0       0       0       0       0       0       0       0       0       0       0       0       0       0       0       0       0       0       0      22      26      24      10      32      12      22      12      24      28      18      10      28      18
      30      28       8      24      22      18      16      12      16      10      30      22      10      12      22      24      14      14      46      30      14      18      18      34      20      24      14      32      26      28      12      20      20      18      22      18      16      20      32      20      20      30      22      36      22      28       0       0       0       0       0       0       0       0       0       0       0      10      28      18
      30      28       8      24      22      18      16      12      16      10      30      22      10      12      22      24      14      14      46      30      14      18      18      34      20      24      14      32      26      28      12      20      20      18      22      18      16      20      32      20      20      30      22      36      22      28       0       0       0       0       0       0       0       0       0       0       0      10      28      18
       0       0       0       0       0       0       0       0       0       0       0       0       0       0       0       0       0       0       0       0       0       0       0       0      20      24      14      32      26      28      12      20      20      18      22      18      16      20      32      20      20      30      22      36      22      28       0       0       0       0       0       0       0       0       0       0       0       0       0       0
       0       0       0       0       0       0       0       0       0       0       0       0       0       0       0       0       0       0       0       0       0       0       0       0      20      24      14      32      26      28      12      20      20      18      22      18      16      20      32      20      20      30      22      36      22      28       0       0       0       0       0       0       0       0       0       0       0       0       0       0
       0       0       0       0       0       0       0       0       0       0       0       0       0       0       0       0       0       0       0       0       0       0       0       0      20      24      14      32      26      28      12      20      20      18      22      18      16      20      32      20      20      30      22      36      22      28       0       0       0       0       0       0       0       0       0       0       0       0       0       0
       0       0       0       0       0       0       0       0       0       0       0       0       0       0       0       0       0       0       0       0       0       0       0       0      20      24      14      32      26      28      12      20      20      18      22      18      16      20      32      20      20      30      22      36      22      28       0       0       0       0       0       0       0       0       0       0       0       0       0       0
      14      300      286
      14      300      286
      14      300      286
      14      300      286
      14      300      286
      14      300      286
      14      300      286
      14      300      286
      14      300      286
      14      300      286
      14      300      286
      14      300      286
      14      300      286
      19      41      92       6     127     118      18      92     119     114       8      79      86      19      62      58      77      86      88      51      21      96     109     112     113      17      14     110      83      99     126      35      58      82      67      69     140     138      72     118     104      73      58      39      90     136      46     142      95      90     107      10      92      42     104      98      24      18      24     116
     319     341     392     306     427     418     318     392     419     414     308     379     386     319     362     358     377     386     388     351     321     396     409     412     413     317     314     410     383     399     426     335     358     382     367     369     440     438     372     418     404     373     358     339     390     436     346     442     395     390     407     310     392     342     404     398     324     318     324     416
       0      225        0        2
     175      125        1        3
     100      125        2        4
     100      125        3        5
     125      125        4        6
     100       75        5        7
     175        0        6        0
       0      175        0        9
     175        0        8       10
     125      100        9       11
     125      100       10       12
     100      125       11       13
     250        0       12        0
     200     175     200     200     175     175     150     175     225     225     175     200     175     175     175     200     175     200     150     175     175     200     200     200     225     225     225     200     200     225     225     175     225     275     200     200     200     200     275     200     350     400     350     375     350     400     350     350     275     325     350     275     325     250     350     350     350     275     275     250
      24      16       6       3       8       3