   60    13
      32      20      18      18      30      44      42      38      10      20      14      22      20      20       6      22      24      22      10      14      32       6      20      38       0       0       0       0       0       0       0       0       0       0       0       0       0       0       0       0       0       0       0       0       0       0       0       0       0       0       0       0       0       0       0       0       0       0       0       0
      32      20      18      18      30      44      42      38      10      20      14      22      20      20       6      22      24      22      10      14      32       6      20      38       0       0       0       0       0       0       0       0       0       0       0       0       0       0       0       0       0       0       0       0       0       0      24      20      16       0       0       0       0       0       0       0       0       0       0       0
      32      20      18      18      30      44      42      38      10      20      14      22      20      20       6      22      24      22      10      14      32       6      20      38       0       0       0       0       0       0       0       0       0       0       0       0       0       0       0       0       0       0       0       0       0       0      24      20      16      12      26      10      34      20      20       8      24      10      14      32
      32      20      18      18      30      44      42      38      10      20      14      22      20      20       6      22      24      22      10      14      32       6      20      38       0       0       0       0       0       0       0       0       0       0       0       0       0       0       0       0       0       0       0       0       0       0      24      20      16      12      26      10      34      20      20       8      24      10      14      32
      32      20      18      18      30      44      42      38      10      20      14      22      20      20       6      22      24      22      10      14      32       6      20      38       0       0       0       0       0       0       0       0       0       0       0       0       0       0       0       0       0       0       0       0       0       0      24      20      16      12      26      10      34      20      20       8      24      10      14      32
      32      20      18      18      30      44      42      38      10      20      14      22      20      20       6      22      24      22      10      14      32       6      20      38       0       0       0       0       0       0       0       0       0       0       0       0       0       0       0       0       0       0       0       0       0       0      24      20      16      12      26      10      34      20      20       8      24      10      14      32
      32      20      18      18      30      44      42      38      10      20      14      22      20      20       6      22      24      22      10      14      32       6      20      38       0       0       0       0       0       0       0       0       0       0       0       0       0       0       0       0       0       0       0       0       0       0      24      20      16      12      26      10      34      20      20       8      24      10      14      32
      32      20      18      18      30      44      42      38      10      20      14      22      20      20       6      22      24      22      10      14      32       6      20      38      24      10      22      10      26      30      40      22      18      22      22      18      30      30      22      20      28      22      26       6      26      20       0       0       0       0       0       0       0       0       0       0       0      10      14      32
      32      20      18      18      30      44      42      38      10      20      14      22      20      20       6      22      24      22      10      14      32       6      20      38      24      10      22      10      26      30      40      22      18      22      22      18      30      30      22      20      28      22      26       6      26      20       0       0       0       0       0       0       0       0       0       0       0      10      14      32
       0       0       0       0       0       0       0       0       0       0       0       0       0       0       0       0       0       0       0       0       0       0       0       0      24      10      22      10      26      30      40      22      18      22      22      18      30      30      22      20      28      22      26       6      26      20       0       0       0       0       0       0       0       0       0       0       0       0       0       0
       0       0       0       0       0       0       0       0       0       0       0       0       0       0       0       0       0       0       0       0       0       0       0       0      24      10      22      10      26      30      40      22      18      22      22      18      30      30      22      20      28      22      26       6      26      20       0       0       0       0       0       0       0       0       0       0       0       0       0       0
       0       0       0       0       0       0       0       0       0       0       0       0       0       0       0       0       0       0       0       0       0       0       0       0      24      10      22      10      26      30      40      22      18      22      22      18      30      30      22      20      28      22      26       6      26      20       0       0       0       0       0       0       0       0       0       0       0       0       0       0
       0       0       0       0       0       0       0       0       0       0       0       0       0       0       0       0       0       0       0       0       0       0       0       0      24      10      22      10      26      30      40      22      18      22      22      18      30      30      22      20      28      22      26       6      26      20       0       0       0       0       0       0       0       0       0       0       0       0       0       0
      14      300      286
      14      300      286
      14      300      286
      14      300      286
      14      300      286
      14      300      286
      14      300      286
      14      300      286
      14      300      286
      14      300      286
      14      300      286
      14      300      286
      14      300      286
      25     140     127      66       3      54      87      69     143      30      14      90      77      96     142      49      62       5       1      24      52      17      73      96     138     117      60      15     126      10      40      99      28     109      42      10     127     136     129      33      86      64     123      63      86       6      70      47      20      44     140     136     139      62      42     104      52     138     131      21
     325     440     427     366     303     354     387     369     443     330     314     390     377     396     442     349     362     305     301     324     352     317     373     396     438     417     360     315     426     310     340     399     328     409     342     310     427     436     429     333     386     364     423     363     386     306     370     347     320     344     440     436     439     362     342     404     352     438     431     321
       0      225        0        2
     175      125        1        3
     100      125        2        4
     100      125        3        5
     125      125        4        6
     100       75        5        7
     175        0        6        0
       0      175        0        9
     175        0        8       10
     125      100        9       11
     125      100       10       12
     100      125       11       13
     250        0       12        0
     200     225     150     225     225     150     175     175     175     200     200     200     175     200     150     200     175     175     200     175     175     175     200     225     200     200     300     175     300     200     225     200     300     300     225     200     200     200     300     200     350     350     350     375     350     400     350     275     350     350     275     350     350     350     350     350     250     275     275     275
      24      16       6       3       8       3