   60    13
      18      16      24      16      38      26      14      30      18      12      22      30      24      22      22      18      40      12      24       6      10      14      18      26       0       0       0       0       0       0       0       0       0       0       0       0       0       0       0       0       0       0       0       0       0       0       0       0       0       0       0       0       0       0       0       0       0       0       0       0
      18      16      24      16      38      26      14      30      18      12      22      30      24      22      22      18      40      12      24       6      10      14      18      26       0       0       0       0       0       0       0       0       0       0       0       0       0       0       0       0       0       0       0       0       0       0      14      24      18       0       0       0       0       0       0       0       0       0       0       0
      18      16      24      16      38      26      14      30      18      12      22      30      24      22      22      18      40      12      24       6      10      14      18      26       0       0       0       0       0       0       0       0       0       0       0       0       0       0       0       0       0       0       0       0       0       0      14      24      18      22      22       8      18      10      12      20      14      26      22      24
      18      16      24      16      38      26      14      30      18      12      22      30      24      22      22      18      40      12      24       6      10      14      18      26       0       0       0       0       0       0       0       0       0       0       0       0       0       0       0       0       0       0       0       0       0       0      14      24      18      22      22       8      18      10      12      20      14      26      22      24
      18      16      24      16      38      26      14      30      18      12      22      30      24      22      22      18      40      12      24       6      10      14      18      26       0       0       0       0       0       0       0       0       0       0       0       0       0       0       0       0       0       0       0       0       0       0      14      24      18      22      22       8      18      10      12      20      14      26      22      24
      18      16      24      16      38      26      14      30      18      12      22      30      24      22      22      18      40      12      24       6      10      14      18      26       0       0       0       0       0       0       0       0       0       0       0       0       0       0       0       0       0       0       0       0       0       0      14      24      18      22      22       8      18      10      12      20      14      26      22      24
      18      16      24      16      38      26      14      30      18      12      22      30      24      22      22      18      40      12      24       6      10      14      18      26       0       0       0       0       0       0       0       0       0       0       0       0       0       0       0       0       0       0       0       0       0       0      14      24      18      22      22       8      18      10      12      20      14      26      22      24
      18      16      24      16      38      26      14      30      18      12      22      30      24      22      22      18      40      12      24       6      10      14      18      26      14      28      20      20      14       8      14      20      12      16      10      22      30      26      30      22      18      22      20      36      22      22       0       0       0       0       0       0       0       0       0       0       0      26      22      24
      18      16      24      16      38      26      14      30      18      12      22      30      24      22      22      18      40      12      24       6      10      14      18      26      14      28      20      20      14       8      14      20      12      16      10      22      30      26      30      22      18      22      20      36      22      22       0       0       0       0       0       0       0       0       0       0       0      26      22      24
       0       0       0       0       0       0       0       0       0       0       0       0       0       0       0       0       0       0       0       0       0       0       0       0      14      28      20      20      14       8      14      20      12      16      10      22      30      26      30      22      18      22      20      36      22      22       0       0       0       0       0       0       0       0       0       0       0       0       0       0
       0       0       0       0       0       0       0       0       0       0       0       0       0       0       0       0       0       0       0       0       0       0       0       0      14      28      20      20      14       8      14      20      12      16      10      22      30      26      30      22      18      22      20      36      22      22       0       0       0       0       0       0       0       0       0       0       0       0       0       0
       0       0       0       0       0       0       0       0       0       0       0       0       0       0       0       0       0       0       0       0       0       0       0       0      14      28      20      20      14       8      14      20      12      16      10      22      30      26      30      22      18      22      20      36      22      22       0       0       0       0       0       0       0       0       0       0       0       0       0       0
       0       0       0       0       0       0       0       0       0       0       0       0       0       0       0       0       0       0       0       0       0       0       0       0      14      28      20      20      14       8      14      20      12      16      10      22      30      26      30      22      18      22      20      36      22      22       0       0       0       0       0       0       0       0       0       0       0       0       0       0
      14      300      286
      14      300      286
      14      300      286
      14      300      286
      14      300      286
      14      300      286
      14      300      286
      14      300      286
      14      300      286
      14      300      286
      14      300      286
      14      300      286
      14      300      286
     100     117      73      24      13      22     122      58      85      56      46      12      68      33      44      34     102       9      37      29      97      98      49      68      13     142     118      91      57      79       6     121      55      80      96      35      59     133      21     119     127       6     136     130      53      12      82     131      10      24     139      92     139      69      33      87      59      75      41      92
     400     417     373     324     313     322     422     358     385     356     346     312     368     333     344     334     402     309     337     329     397     398     349     368     313     442     418     391     357     379     306     421     355     380     396     335     359     433     321     419     427     306     436     430     353     312     382     431     310     324     439     392     439     369     333     387     359     375     341     392
       0      225        0        2
     175      125        1        3
     100      125        2        4
     100      125        3        5
     125      125        4        6
     100       75        5        7
     175        0        6        0
       0      175        0        9
     175        0        8       10
     125      100        9       11
     125      100       10       12
     100      125       11       13
     250        0       12        0
     200     175     150     175     175     225     200     150     150     200     225     200     175     200     200     150     175     150     225     150     225     200     225     200     200     225     275     225     250     200     200     225     150     200     275     300     250     200     200     200     375     350     375     400     350     375     350     275     350     325     275     325     350     250     350     325     350     275     275     275
      24      16       6       3       8       3