   60    13
      36      14      36      14       6      18      20      26      28      30      20      36      22      30      24      24      14      26      36      18      26      10      18      24       0       0       0       0       0       0       0       0       0       0       0       0       0       0       0       0       0       0       0       0       0       0       0       0       0       0       0       0       0       0       0       0       0       0       0       0
      36      14      36      14       6      18      20      26      28      30      20      36      22      30      24      24      14      26      36      18      26      10      18      24       0       0       0       0       0       0       0       0       0       0       0       0       0       0       0       0       0       0       0       0       0       0      16      16      24       0       0       0       0       0       0       0       0       0       0       0
      36      14      36      14       6      18      20      26      28      30      20      36      22      30      24      24      14      26      36      18      26      10      18      24       0       0       0       0       0       0       0       0       0       0       0       0       0       0       0       0       0       0       0       0       0       0      16      16      24       8       8      10      32      12      18      10      34      10      20      18
      36      14      36      14       6      18      20      26      28      30      20      36      22      30      24      24      14      26      36      18      26      10      18      24       0       0       0       0       0       0       0       0       0       0       0       0       0       0       0       0       0       0       0       0       0       0      16      16      24       8       8      10      32      12      18      10      34      10      20      18
      36      14      36      14       6      18      20      26      28      30      20      36      22      30      24      24      14      26      36      18      26      10      18      24       0       0       0       0       0       0       0       0       0       0       0       0       0       0       0       0       0       0       0       0       0       0      16      16      24       8       8      10      32      12      18      10      34      10      20      18
      36      14      36      14       6      18      20      26      28      30      20      36      22      30      24      24      14      26      36      18      26      10      18      24       0       0       0       0       0       0       0       0       0       0       0       0       0       0       0       0       0       0       0       0       0       0      16      16      24       8       8      10      32      12      18      10      34      10      20      18
      36      14      36      14       6      18      20      26      28      30      20      36      22      30      24      24      14      26      36      18      26      10      18      24       0       0       0       0       0       0       0       0       0       0       0       0       0       0       0       0       0       0       0       0       0       0      16      16      24       8       8      10      32      12      18      10      34      10      20      18
      36      14      36      14       6      18      20      26      28      30      20      36      22      30      24      24      14      26      36      18      26      10      18      24      18      22      24      30      16      16      14      12      18      20      24      16      28      28      24      16      30      22      18      26      30      26       0       0       0       0       0       0       0       0       0       0       0      10      20      18
      36      14      36      14       6      18      20      26      28      30      20      36      22      30      24      24      14      26      36      18      26      10      18      24      18      22      24      30      16      16      14      12      18      20      24      16      28      28      24      16      30      22      18      26      30      26       0       0       0       0       0       0       0       0       0       0       0      10      20      18
       0       0       0       0       0       0       0       0       0       0       0       0       0       0       0       0       0       0       0       0       0       0       0       0      18      22      24      30      16      16      14      12      18      20      24      16      28      28      24      16      30      22      18      26      30      26       0       0       0       0       0       0       0       0       0       0       0       0       0       0
       0       0       0       0       0       0       0       0       0       0       0       0       0       0       0       0       0       0       0       0       0       0       0       0      18      22      24      30      16      16      14      12      18      20      24      16      28      28      24      16      30      22      18      26      30      26       0       0       0       0       0       0       0       0       0       0       0       0       0       0
       0       0       0       0       0       0       0       0       0       0       0       0       0       0       0       0       0       0       0       0       0       0       0       0      18      22      24      30      16      16      14      12      18      20      24      16      28      28      24      16      30      22      18      26      30      26       0       0       0       0       0       0       0       0       0       0       0       0       0       0
       0       0       0       0       0       0       0       0       0       0       0       0       0       0       0       0       0       0       0       0       0       0       0       0      18      22      24      30      16      16      14      12      18      20      24      16      28      28      24      16      30      22      18      26      30      26       0       0       0       0       0       0       0       0       0       0       0       0       0       0
      14      300      286
      14      300      286
      14      300      286
      14      300      286
      14      300      286
      14      300      286
      14      300      286
      14      300      286
      14      300      286
      14      300      286
      14      300      286
      14      300      286
      14      300      286
      31      94      19     127      23     134      13      47      26      37      58      86      62     133      86     122     110      79      68      21      74      51      29       6      76     136       9      37      78      78      11      44     117     109      30     109      84      84     140      31     105     140      83      48     122      30      15      10     135      58      32     114      43      82     124     110      79     113      93      71
     331     394     319     427     323     434     313     347     326     337     358     386     362     433     386     422     410     379     368     321     374     351     329     306     376     436     309     337     378     378     311     344     417     409     330     409     384     384     440     331     405     440     383     348     422     330     315     310     435     358     332     414     343     382     424     410     379     413     393     371
       0      225        0        2
     175      125        1        3
     100      125        2        4
     100      125        3        5
     125      125        4        6
     100       75        5        7
     175        0        6        0
       0      175        0        9
     175        0        8       10
     125      100        9       11
     125      100       10       12
     100      125       11       13
     250        0       12        0
     200     150     175     150     200     200     225     200     150     175     200     200     200     225     200     225     175     175     225     225     175     175     175     200     225     200     200     300     175     275     225     300     225     175     225     225     200     225     200     200     375     375     375     375     375     350     350     350     275     350     350     350     350     300     250     325     325     275     250     250
      24      16       6       3       8       3