   60    13
      38      38      16      36      14      42      14      20      20      14      16      10      16      14      24      14      22       6      16      14      46      38      20      22       0       0       0       0       0       0       0       0       0       0       0       0       0       0       0       0       0       0       0       0       0       0       0       0       0       0       0       0       0       0       0       0       0       0       0       0
      38      38      16      36      14      42      14      20      20      14      16      10      16      14      24      14      22       6      16      14      46      38      20      22       0       0       0       0       0       0       0       0       0       0       0       0       0       0       0       0       0       0       0       0       0       0      18      20      26       0       0       0       0       0       0       0       0       0       0       0
      38      38      16      36      14      42      14      20      20      14      16      10      16      14      24      14      22       6      16      14      46      38      20      22       0       0       0       0       0       0       0       0       0       0       0       0       0       0       0       0       0       0       0       0       0       0      18      20      26      14      18      18      16      32      18      18      12      26      24      26
      38      38      16      36      14      42      14      20      20      14      16      10      16      14      24      14      22       6      16      14      46      38      20      22       0       0       0       0       0       0       0       0       0       0       0       0       0       0       0       0       0       0       0       0       0       0      18      20      26      14      18      18      16      32      18      18      12      26      24      26
      38      38      16      36      14      42      14      20      20      14      16      10      16      14      24      14      22       6      16      14      46      38      20      22       0       0       0       0       0       0       0       0       0       0       0       0       0       0       0       0       0       0       0       0       0       0      18      20      26      14      18      18      16      32      18      18      12      26      24      26
      38      38      16      36      14      42      14      20      20      14      16      10      16      14      24      14      22       6      16      14      46      38      20      22       0       0       0       0       0       0       0       0       0       0       0       0       0       0       0       0       0       0       0       0       0       0      18      20      26      14      18      18      16      32      18      18      12      26      24      26
      38      38      16      36      14      42      14      20      20      14      16      10      16      14      24      14      22       6      16      14      46      38      20      22       0       0       0       0       0       0       0       0       0       0       0       0       0       0       0       0       0       0       0       0       0       0      18      20      26      14      18      18      16      32      18      18      12      26      24      26
      38      38      16      36      14      42      14      20      20      14      16      10      16      14      24      14      22       6      16      14      46      38      20      22      28      12      30      30      20      14      14      20      24      16      18      26      22      14      28      26      18      36      18      36      22      18       0       0       0       0       0       0       0       0       0       0       0      26      24      26
      38      38      16      36      14      42      14      20      20      14      16      10      16      14      24      14      22       6      16      14      46      38      20      22      28      12      30      30      20      14      14      20      24      16      18      26      22      14      28      26      18      36      18      36      22      18       0       0       0       0       0       0       0       0       0       0       0      26      24      26
       0       0       0       0       0       0       0       0       0       0       0       0       0       0       0       0       0       0       0       0       0       0       0       0      28      12      30      30      20      14      14      20      24      16      18      26      22      14      28      26      18      36      18      36      22      18       0       0       0       0       0       0       0       0       0       0       0       0       0       0
       0       0       0       0       0       0       0       0       0       0       0       0       0       0       0       0       0       0       0       0       0       0       0       0      28      12      30      30      20      14      14      20      24      16      18      26      22      14      28      26      18      36      18      36      22      18       0       0       0       0       0       0       0       0       0       0       0       0       0       0
       0       0       0       0       0       0       0       0       0       0       0       0       0       0       0       0       0       0       0       0       0       0       0       0      28      12      30      30      20      14      14      20      24      16      18      26      22      14      28      26      18      36      18      36      22      18       0       0       0       0       0       0       0       0       0       0       0       0       0       0
       0       0       0       0       0       0       0       0       0       0       0       0       0       0       0       0       0       0       0       0       0       0       0       0      28      12      30      30      20      14      14      20      24      16      18      26      22      14      28      26      18      36      18      36      22      18       0       0       0       0       0       0       0       0       0       0       0       0       0       0
      14      300      286
      14      300      286
      14      300      286
      14      300      286
      14      300      286
      14      300      286
      14      300      286
      14      300      286
      14      300      286
      14      300      286
      14      300      286
      14      300      286
      14      300      286
      37      48      55      43      43      70      82      24      51     143      83      90      50      47      26      11     127      75     130       6      29     100     133      24      58     123      78      72      30      59      30      63      52      78     125       1     121     127     115     121       7      84      70      77      17      31     118     120      70     102      27      30     134      90      92      43      22       3     116     130
     337     348     355     343     343     370     382     324     351     443     383     390     350     347     326     311     427     375     430     306     329     400     433     324     358     423     378     372     330     359     330     363     352     378     425     301     421     427     415     421     307     384     370     377     317     331     418     420     370     402     327     330     434     390     392     343     322     303     416     430
       0      225        0        2
     175      125        1        3
     100      125        2        4
     100      125        3        5
     125      125        4        6
     100       75        5        7
     175        0        6        0
       0      175        0        9
     175        0        8       10
     125      100        9       11
     125      100       10       12
     100      125       11       13
     250        0       12        0
     200     175     175     150     175     175     175     200     175     200     175     200     200     175     175     175     200     200     200     200     175     225     150     225     300     225     175     250     200     150     275     300     200     275     175     200     200     200     175     200     400     350     350     350     350     350     350     350     350     350     350     350     350     350     350     350     350     275     275     275
      24      16       6       3       8       3