   60    13
      18      28      20      28      16      24      18      18      36      38      14      12      14      16      24      18      32      24      22      22      22      32      20      20       0       0       0       0       0       0       0       0       0       0       0       0       0       0       0       0       0       0       0       0       0       0       0       0       0       0       0       0       0       0       0       0       0       0       0       0
      18      28      20      28      16      24      18      18      36      38      14      12      14      16      24      18      32      24      22      22      22      32      20      20       0       0       0       0       0       0       0       0       0       0       0       0       0       0       0       0       0       0       0       0       0       0      20      18      14       0       0       0       0       0       0       0       0       0       0       0
      18      28      20      28      16      24      18      18      36      38      14      12      14      16      24      18      32      24      22      22      22      32      20      20       0       0       0       0       0       0       0       0       0       0       0       0       0       0       0       0       0       0       0       0       0       0      20      18      14      18      16      18      16      16      14       8      12      18      18      14
      18      28      20      28      16      24      18      18      36      38      14      12      14      16      24      18      32      24      22      22      22      32      20      20       0       0       0       0       0       0       0       0       0       0       0       0       0       0       0       0       0       0       0       0       0       0      20      18      14      18      16      18      16      16      14       8      12      18      18      14
      18      28      20      28      16      24      18      18      36      38      14      12      14      16      24      18      32      24      22      22      22      32      20      20       0       0       0       0       0       0       0       0       0       0       0       0       0       0       0       0       0       0       0       0       0       0      20      18      14      18      16      18      16      16      14       8      12      18      18      14
      18      28      20      28      16      24      18      18      36      38      14      12      14      16      24      18      32      24      22      22      22      32      20      20       0       0       0       0       0       0       0       0       0       0       0       0       0       0       0       0       0       0       0       0       0       0      20      18      14      18      16      18      16      16      14       8      12      18      18      14
      18      28      20      28      16      24      18      18      36      38      14      12      14      16      24      18      32      24      22      22      22      32      20      20       0       0       0       0       0       0       0       0       0       0       0       0       0       0       0       0       0       0       0       0       0       0      20      18      14      18      16      18      16      16      14       8      12      18      18      14
      18      28      20      28      16      24      18      18      36      38      14      12      14      16      24      18      32      24      22      22      22      32      20      20      14      26      12      20      22      16      26      20      20      20      20      28      14      20      20      20      16      18      22      24      22      20       0       0       0       0       0       0       0       0       0       0       0      18      18      14
      18      28      20      28      16      24      18      18      36      38      14      12      14      16      24      18      32      24      22      22      22      32      20      20      14      26      12      20      22      16      26      20      20      20      20      28      14      20      20      20      16      18      22      24      22      20       0       0       0       0       0       0       0       0       0       0       0      18      18      14
       0       0       0       0       0       0       0       0       0       0       0       0       0       0       0       0       0       0       0       0       0       0       0       0      14      26      12      20      22      16      26      20      20      20      20      28      14      20      20      20      16      18      22      24      22      20       0       0       0       0       0       0       0       0       0       0       0       0       0       0
       0       0       0       0       0       0       0       0       0       0       0       0       0       0       0       0       0       0       0       0       0       0       0       0      14      26      12      20      22      16      26      20      20      20      20      28      14      20      20      20      16      18      22      24      22      20       0       0       0       0       0       0       0       0       0       0       0       0       0       0
       0       0       0       0       0       0       0       0       0       0       0       0       0       0       0       0       0       0       0       0       0       0       0       0      14      26      12      20      22      16      26      20      20      20      20      28      14      20      20      20      16      18      22      24      22      20       0       0       0       0       0       0       0       0       0       0       0       0       0       0
       0       0       0       0       0       0       0       0       0       0       0       0       0       0       0       0       0       0       0       0       0       0       0       0      14      26      12      20      22      16      26      20      20      20      20      28      14      20      20      20      16      18      22      24      22      20       0       0       0       0       0       0       0       0       0       0       0       0       0       0
      14      300      286
      14      300      286
      14      300      286
      14      300      286
      14      300      286
      14      300      286
      14      300      286
      14      300      286
      14      300      286
      14      300      286
      14      300      286
      14      300      286
      14      300      286
     112      25       1       1      54      38     117      13     136     124      96      19      44       4      68      99     135       1      16     143       7      53     113     105     121     117     113      18     118       4      38      92      50      77     135     134      46     126      50      25      14      13      96      60     101     134      82      20      42      80      37     105     132      50      15     124     105      75     141      94
     412     325     301     301     354     338     417     313     436     424     396     319     344     304     368     399     435     301     316     443     307     353     413     405     421     417     413     318     418     304     338     392     350     377     435     434     346     426     350     325     314     313     396     360     401     434     382     320     342     380     337     405     432     350     315     424     405     375     441     394
       0      225        0        2
     175      125        1        3
     100      125        2        4
     100      125        3        5
     125      125        4        6
     100       75        5        7
     175        0        6        0
       0      175        0        9
     175        0        8       10
     125      100        9       11
     125      100       10       12
     100      125       11       13
     250        0       12        0
     200     150     200     200     200     175     175     175     175     175     175     200     200     175     150     175     200     200     200     200     200     200     175     225     200     200     225     175     175     200     275     275     200     200     225     200     175     225     225     200     400     350     350     375     375     400     275     350     275     350     350     250     325     325     350     325     325     250     275     275
      24      16       6       3       8       3