   60    13
      18      20      42      20      20      14      10      14      22      16      10      16      42      26      24      44      16      38       8      18      36      24      20      18       0       0       0       0       0       0       0       0       0       0       0       0       0       0       0       0       0       0       0       0       0       0       0       0       0       0       0       0       0       0       0       0       0       0       0       0
      18      20      42      20      20      14      10      14      22      16      10      16      42      26      24      44      16      38       8      18      36      24      20      18       0       0       0       0       0       0       0       0       0       0       0       0       0       0       0       0       0       0       0       0       0       0      24      16      20       0       0       0       0       0       0       0       0       0       0       0
      18      20      42      20      20      14      10      14      22      16      10      16      42      26      24      44      16      38       8      18      36      24      20      18       0       0       0       0       0       0       0       0       0       0       0       0       0       0       0       0       0       0       0       0       0       0      24      16      20      10      14      14      16      18       8      16      12      26      26      30
      18      20      42      20      20      14      10      14      22      16      10      16      42      26      24      44      16      38       8      18      36      24      20      18       0       0       0       0       0       0       0       0       0       0       0       0       0       0       0       0       0       0       0       0       0       0      24      16      20      10      14      14      16      18       8      16      12      26      26      30
      18      20      42      20      20      14      10      14      22      16      10      16      42      26      24      44      16      38       8      18      36      24      20      18       0       0       0       0       0       0       0       0       0       0       0       0       0       0       0       0       0       0       0       0       0       0      24      16      20      10      14      14      16      18       8      16      12      26      26      30
      18      20      42      20      20      14      10      14      22      16      10      16      42      26      24      44      16      38       8      18      36      24      20      18       0       0       0       0       0       0       0       0       0       0       0       0       0       0       0       0       0       0       0       0       0       0      24      16      20      10      14      14      16      18       8      16      12      26      26      30
      18      20      42      20      20      14      10      14      22      16      10      16      42      26      24      44      16      38       8      18      36      24      20      18       0       0       0       0       0       0       0       0       0       0       0       0       0       0       0       0       0       0       0       0       0       0      24      16      20      10      14      14      16      18       8      16      12      26      26      30
      18      20      42      20      20      14      10      14      22      16      10      16      42      26      24      44      16      38       8      18      36      24      20      18      22      16      18      20      26      16      16      20      16      14      26      12      16      18      26      40      36      22      18      36      22      24       0       0       0       0       0       0       0       0       0       0       0      26      26      30
      18      20      42      20      20      14      10      14      22      16      10      16      42      26      24      44      16      38       8      18      36      24      20      18      22      16      18      20      26      16      16      20      16      14      26      12      16      18      26      40      36      22      18      36      22      24       0       0       0       0       0       0       0       0       0       0       0      26      26      30
       0       0       0       0       0       0       0       0       0       0       0       0       0       0       0       0       0       0       0       0       0       0       0       0      22      16      18      20      26      16      16      20      16      14      26      12      16      18      26      40      36      22      18      36      22      24       0       0       0       0       0       0       0       0       0       0       0       0       0       0
       0       0       0       0       0       0       0       0       0       0       0       0       0       0       0       0       0       0       0       0       0       0       0       0      22      16      18      20      26      16      16      20      16      14      26      12      16      18      26      40      36      22      18      36      22      24       0       0       0       0       0       0       0       0       0       0       0       0       0       0
       0       0       0       0       0       0       0       0       0       0       0       0       0       0       0       0       0       0       0       0       0       0       0       0      22      16      18      20      26      16      16      20      16      14      26      12      16      18      26      40      36      22      18      36      22      24       0       0       0       0       0       0       0       0       0       0       0       0       0       0
       0       0       0       0       0       0       0       0       0       0       0       0       0       0       0       0       0       0       0       0       0       0       0       0      22      16      18      20      26      16      16      20      16      14      26      12      16      18      26      40      36      22      18      36      22      24       0       0       0       0       0       0       0       0       0       0       0       0       0       0
      14      300      286
      14      300      286
      14      300      286
      14      300      286
      14      300      286
      14      300      286
      14      300      286
      14      300      286
      14      300      286
      14      300      286
      14      300      286
      14      300      286
      14      300      286
     118     123      36      62      74     118      42     134      17      85     121      23      32      61       8     131       8     141      78     128     105     102      73     124     102     105      39      53       4      39      54       5      48      76      11     112      39     122      65     122      30      17       4      24     125      51      10     109     129      36      59     112     128     112       6     143     128      75      47      23
     418     423     336     362     374     418     342     434     317     385     421     323     332     361     308     431     308     441     378     428     405     402     373     424     402     405     339     353     304     339     354     305     348     376     311     412     339     422     365     422     330     317     304     324     425     351     310     409     429     336     359     412     428     412     306     443     428     375     347     323
       0      225        0        2
     175      125        1        3
     100      125        2        4
     100      125        3        5
     125      125        4        6
     100       75        5        7
     175        0        6        0
       0      175        0        9
     175        0        8       10
     125      100        9       11
     125      100       10       12
     100      125       11       13
     250        0       12        0
     200     175     225     225     175     150     225     200     175     175     225     200     200     200     200     225     200     150     175     175     200     150     150     150     250     225     200     300     250     275     225     200     275     200     225     300     275     200     250     200     350     375     400     375     400     350     350     275     350     350     350     350     350     325     325     325     350     275     325     275
      24      16       6       3       8       3