   60    13
      44      16      14      18      24      40      18      12      48      46      46      16      30      36      24      14      20      20      16      28      20      22      20      18       0       0       0       0       0       0       0       0       0       0       0       0       0       0       0       0       0       0       0       0       0       0       0       0       0       0       0       0       0       0       0       0       0       0       0       0
      44      16      14      18      24      40      18      12      48      46      46      16      30      36      24      14      20      20      16      28      20      22      20      18       0       0       0       0       0       0       0       0       0       0       0       0       0       0       0       0       0       0       0       0       0       0      24      14      22       0       0       0       0       0       0       0       0       0       0       0
      44      16      14      18      24      40      18      12      48      46      46      16      30      36      24      14      20      20      16      28      20      22      20      18       0       0       0       0       0       0       0       0       0       0       0       0       0       0       0       0       0       0       0       0       0       0      24      14      22      10      14      12      26      14      14      16      14      10      22      34
      44      16      14      18      24      40      18      12      48      46      46      16      30      36      24      14      20      20      16      28      20      22      20      18       0       0       0       0       0       0       0       0       0       0       0       0       0       0       0       0       0       0       0       0       0       0      24      14      22      10      14      12      26      14      14      16      14      10      22      34
      44      16      14      18      24      40      18      12      48      46      46      16      30      36      24      14      20      20      16      28      20      22      20      18       0       0       0       0       0       0       0       0       0       0       0       0       0       0       0       0       0       0       0       0       0       0      24      14      22      10      14      12      26      14      14      16      14      10      22      34
      44      16      14      18      24      40      18      12      48      46      46      16      30      36      24      14      20      20      16      28      20      22      20      18       0       0       0       0       0       0       0       0       0       0       0       0       0       0       0       0       0       0       0       0       0       0      24      14      22      10      14      12      26      14      14      16      14      10      22      34
      44      16      14      18      24      40      18      12      48      46      46      16      30      36      24      14      20      20      16      28      20      22      20      18       0       0       0       0       0       0       0       0       0       0       0       0       0       0       0       0       0       0       0       0       0       0      24      14      22      10      14      12      26      14      14      16      14      10      22      34
      44      16      14      18      24      40      18      12      48      46      46      16      30      36      24      14      20      20      16      28      20      22      20      18      26      40      20      30      30      18      28      20      14      20      30      14      26      26      20      16      20      24      18      12      22      16       0       0       0       0       0       0       0       0       0       0       0      10      22      34
      44      16      14      18      24      40      18      12      48      46      46      16      30      36      24      14      20      20      16      28      20      22      20      18      26      40      20      30      30      18      28      20      14      20      30      14      26      26      20      16      20      24      18      12      22      16       0       0       0       0       0       0       0       0       0       0       0      10      22      34
       0       0       0       0       0       0       0       0       0       0       0       0       0       0       0       0       0       0       0       0       0       0       0       0      26      40      20      30      30      18      28      20      14      20      30      14      26      26      20      16      20      24      18      12      22      16       0       0       0       0       0       0       0       0       0       0       0       0       0       0
       0       0       0       0       0       0       0       0       0       0       0       0       0       0       0       0       0       0       0       0       0       0       0       0      26      40      20      30      30      18      28      20      14      20      30      14      26      26      20      16      20      24      18      12      22      16       0       0       0       0       0       0       0       0       0       0       0       0       0       0
       0       0       0       0       0       0       0       0       0       0       0       0       0       0       0       0       0       0       0       0       0       0       0       0      26      40      20      30      30      18      28      20      14      20      30      14      26      26      20      16      20      24      18      12      22      16       0       0       0       0       0       0       0       0       0       0       0       0       0       0
       0       0       0       0       0       0       0       0       0       0       0       0       0       0       0       0       0       0       0       0       0       0       0       0      26      40      20      30      30      18      28      20      14      20      30      14      26      26      20      16      20      24      18      12      22      16       0       0       0       0       0       0       0       0       0       0       0       0       0       0
      14      300      286
      14      300      286
      14      300      286
      14      300      286
      14      300      286
      14      300      286
      14      300      286
      14      300      286
      14      300      286
      14      300      286
      14      300      286
      14      300      286
      14      300      286
      49     100     126      20      84      86      77     123     102      66     134      97      26      18      51      75      16      67     109     121      83      55      53      61      21      99      73     143      91     129      62      34      47      75      20     100     108     120      32      22      18      80     108       3      83     103     136      44      46     102     139      48      40     141      82     130      17      38     125      75
     349     400     426     320     384     386     377     423     402     366     434     397     326     318     351     375     316     367     409     421     383     355     353     361     321     399     373     443     391     429     362     334     347     375     320     400     408     420     332     322     318     380     408     303     383     403     436     344     346     402     439     348     340     441     382     430     317     338     425     375
       0      225        0        2
     175      125        1        3
     100      125        2        4
     100      125        3        5
     125      125        4        6
     100       75        5        7
     175        0        6        0
       0      175        0        9
     175        0        8       10
     125      100        9       11
     125      100       10       12
     100      125       11       13
     250        0       12        0
     200     150     225     175     200     225     150     175     200     150     200     200     200     225     200     200     225     150     175     175     175     200     175     150     300     200     275     200     225     300     225     200     250     275     300     275     250     225     250     300     375     350     375     375     400     400     275     350     275     350     325     350     325     350     350     325     325     275     275     275
      24      16       6       3       8       3