   60    13
      20      42      28      44      44      14      16      32      12      10      26      22      18      18      26      46      14      18      42      44      18      18      20      16       0       0       0       0       0       0       0       0       0       0       0       0       0       0       0       0       0       0       0       0       0       0       0       0       0       0       0       0       0       0       0       0       0       0       0       0
      20      42      28      44      44      14      16      32      12      10      26      22      18      18      26      46      14      18      42      44      18      18      20      16       0       0       0       0       0       0       0       0       0       0       0       0       0       0       0       0       0       0       0       0       0       0      16      12      16       0       0       0       0       0       0       0       0       0       0       0
      20      42      28      44      44      14      16      32      12      10      26      22      18      18      26      46      14      18      42      44      18      18      20      16       0       0       0       0       0       0       0       0       0       0       0       0       0       0       0       0       0       0       0       0       0       0      16      12      16       8      12      10      14      10      10      26      10      18      22      16
      20      42      28      44      44      14      16      32      12      10      26      22      18      18      26      46      14      18      42      44      18      18      20      16       0       0       0       0       0       0       0       0       0       0       0       0       0       0       0       0       0       0       0       0       0       0      16      12      16       8      12      10      14      10      10      26      10      18      22      16
      20      42      28      44      44      14      16      32      12      10      26      22      18      18      26      46      14      18      42      44      18      18      20      16       0       0       0       0       0       0       0       0       0       0       0       0       0       0       0       0       0       0       0       0       0       0      16      12      16       8      12      10      14      10      10      26      10      18      22      16
      20      42      28      44      44      14      16      32      12      10      26      22      18      18      26      46      14      18      42      44      18      18      20      16       0       0       0       0       0       0       0       0       0       0       0       0       0       0       0       0       0       0       0       0       0       0      16      12      16       8      12      10      14      10      10      26      10      18      22      16
      20      42      28      44      44      14      16      32      12      10      26      22      18      18      26      46      14      18      42      44      18      18      20      16       0       0       0       0       0       0       0       0       0       0       0       0       0       0       0       0       0       0       0       0       0       0      16      12      16       8      12      10      14      10      10      26      10      18      22      16
      20      42      28      44      44      14      16      32      12      10      26      22      18      18      26      46      14      18      42      44      18      18      20      16      20      14      28      18      16      20      30      20      26      18      18      18      20      14      20      28      28      18      20      24      22      22       0       0       0       0       0       0       0       0       0       0       0      18      22      16
      20      42      28      44      44      14      16      32      12      10      26      22      18      18      26      46      14      18      42      44      18      18      20      16      20      14      28      18      16      20      30      20      26      18      18      18      20      14      20      28      28      18      20      24      22      22       0       0       0       0       0       0       0       0       0       0       0      18      22      16
       0       0       0       0       0       0       0       0       0       0       0       0       0       0       0       0       0       0       0       0       0       0       0       0      20      14      28      18      16      20      30      20      26      18      18      18      20      14      20      28      28      18      20      24      22      22       0       0       0       0       0       0       0       0       0       0       0       0       0       0
       0       0       0       0       0       0       0       0       0       0       0       0       0       0       0       0       0       0       0       0       0       0       0       0      20      14      28      18      16      20      30      20      26      18      18      18      20      14      20      28      28      18      20      24      22      22       0       0       0       0       0       0       0       0       0       0       0       0       0       0
       0       0       0       0       0       0       0       0       0       0       0       0       0       0       0       0       0       0       0       0       0       0       0       0      20      14      28      18      16      20      30      20      26      18      18      18      20      14      20      28      28      18      20      24      22      22       0       0       0       0       0       0       0       0       0       0       0       0       0       0
       0       0       0       0       0       0       0       0       0       0       0       0       0       0       0       0       0       0       0       0       0       0       0       0      20      14      28      18      16      20      30      20      26      18      18      18      20      14      20      28      28      18      20      24      22      22       0       0       0       0       0       0       0       0       0       0       0       0       0       0
      14      300      286
      14      300      286
      14      300      286
      14      300      286
      14      300      286
      14      300      286
      14      300      286
      14      300      286
      14      300      286
      14      300      286
      14      300      286
      14      300      286
      14      300      286
     130      31     108      38     114     134      37      89      68       9      27      30       8      32      33      52      41     133      58      99      15      57     136      17      66      80      34     124      65     109      86     120      44      73      50      67      26     115      94      28      61      24     107      98      28      29      10     143      17      92     101     125     121      93     132      36      31      76       3      25
     430     331     408     338     414     434     337     389     368     309     327     330     308     332     333     352     341     433     358     399     315     357     436     317     366     380     334     424     365     409     386     420     344     373     350     367     326     415     394     328     361     324     407     398     328     329     310     443     317     392     401     425     421     393     432     336     331     376     303     325
       0      225        0        2
     175      125        1        3
     100      125        2        4
     100      125        3        5
     125      125        4        6
     100       75        5        7
     175        0        6        0
       0      175        0        9
     175        0        8       10
     125      100        9       11
     125      100       10       12
     100      125       11       13
     250        0       12        0
     200     150     175     150     200     175     200     150     200     225     150     225     200     175     150     150     150     200     175     150     200     225     200     175     250     200     175     225     175     250     200     225     175     200     200     200     200     200     275     175     350     400     350     350     350     350     350     350     350     350     325     350     325     350     350     350     350     275     275     275
      24      16       6       3       8       3