   60    13
      10      14      32      16      20      36      28      16      40      20      16      44      30      16      26      14      18      22      10      42      24      46      22       6       0       0       0       0       0       0       0       0       0       0       0       0       0       0       0       0       0       0       0       0       0       0       0       0       0       0       0       0       0       0       0       0       0       0       0       0
      10      14      32      16      20      36      28      16      40      20      16      44      30      16      26      14      18      22      10      42      24      46      22       6       0       0       0       0       0       0       0       0       0       0       0       0       0       0       0       0       0       0       0       0       0       0      26      20      14       0       0       0       0       0       0       0       0       0       0       0
      10      14      32      16      20      36      28      16      40      20      16      44      30      16      26      14      18      22      10      42      24      46      22       6       0       0       0       0       0       0       0       0       0       0       0       0       0       0       0       0       0       0       0       0       0       0      26      20      14      10       8      16      12       8       8      14      10      26      12      14
      10      14      32      16      20      36      28      16      40      20      16      44      30      16      26      14      18      22      10      42      24      46      22       6       0       0       0       0       0       0       0       0       0       0       0       0       0       0       0       0       0       0       0       0       0       0      26      20      14      10       8      16      12       8       8      14      10      26      12      14
      10      14      32      16      20      36      28      16      40      20      16      44      30      16      26      14      18      22      10      42      24      46      22       6       0       0       0       0       0       0       0       0       0       0       0       0       0       0       0       0       0       0       0       0       0       0      26      20      14      10       8      16      12       8       8      14      10      26      12      14
      10      14      32      16      20      36      28      16      40      20      16      44      30      16      26      14      18      22      10      42      24      46      22       6       0       0       0       0       0       0       0       0       0       0       0       0       0       0       0       0       0       0       0       0       0       0      26      20      14      10       8      16      12       8       8      14      10      26      12      14
      10      14      32      16      20      36      28      16      40      20      16      44      30      16      26      14      18      22      10      42      24      46      22       6       0       0       0       0       0       0       0       0       0       0       0       0       0       0       0       0       0       0       0       0       0       0      26      20      14      10       8      16      12       8       8      14      10      26      12      14
      10      14      32      16      20      36      28      16      40      20      16      44      30      16      26      14      18      22      10      42      24      46      22       6      24      26      22      28      28      24      18      18      14      30      42      24      18      18      24      20      24      12      28      36      22      22       0       0       0       0       0       0       0       0       0       0       0      26      12      14
      10      14      32      16      20      36      28      16      40      20      16      44      30      16      26      14      18      22      10      42      24      46      22       6      24      26      22      28      28      24      18      18      14      30      42      24      18      18      24      20      24      12      28      36      22      22       0       0       0       0       0       0       0       0       0       0       0      26      12      14
       0       0       0       0       0       0       0       0       0       0       0       0       0       0       0       0       0       0       0       0       0       0       0       0      24      26      22      28      28      24      18      18      14      30      42      24      18      18      24      20      24      12      28      36      22      22       0       0       0       0       0       0       0       0       0       0       0       0       0       0
       0       0       0       0       0       0       0       0       0       0       0       0       0       0       0       0       0       0       0       0       0       0       0       0      24      26      22      28      28      24      18      18      14      30      42      24      18      18      24      20      24      12      28      36      22      22       0       0       0       0       0       0       0       0       0       0       0       0       0       0
       0       0       0       0       0       0       0       0       0       0       0       0       0       0       0       0       0       0       0       0       0       0       0       0      24      26      22      28      28      24      18      18      14      30      42      24      18      18      24      20      24      12      28      36      22      22       0       0       0       0       0       0       0       0       0       0       0       0       0       0
       0       0       0       0       0       0       0       0       0       0       0       0       0       0       0       0       0       0       0       0       0       0       0       0      24      26      22      28      28      24      18      18      14      30      42      24      18      18      24      20      24      12      28      36      22      22       0       0       0       0       0       0       0       0       0       0       0       0       0       0
      14      300      286
      14      300      286
      14      300      286
      14      300      286
      14      300      286
      14      300      286
      14      300      286
      14      300      286
      14      300      286
      14      300      286
      14      300      286
      14      300      286
      14      300      286
      73      61     125     117      21     118      67      33      59      57      90     112     122     103      99      60      83      51      68      62      46     109      36     136      92      49      63     140      70     124     127     119      39      70      98      10      82     106      58     127     100     105      93       9      16     110     118      77      20     126      11      69     112      32      38      10      17       5     129     136
     373     361     425     417     321     418     367     333     359     357     390     412     422     403     399     360     383     351     368     362     346     409     336     436     392     349     363     440     370     424     427     419     339     370     398     310     382     406     358     427     400     405     393     309     316     410     418     377     320     426     311     369     412     332     338     310     317     305     429     436
       0      225        0        2
     175      125        1        3
     100      125        2        4
     100      125        3        5
     125      125        4        6
     100       75        5        7
     175        0        6        0
       0      175        0        9
     175        0        8       10
     125      100        9       11
     125      100       10       12
     100      125       11       13
     250        0       12        0
     200     175     225     225     175     200     200     150     150     150     175     150     200     150     150     150     175     175     225     200     150     175     175     175     300     225     200     225     200     300     225     225     200     275     225     225     225     175     225     175     375     375     375     375     375     350     275     275     275     300     350     350     350     350     350     275     350     275     275     300
      24      16       6       3       8       3