   60    13
      12      42      16      10      24      18      18      14      24      38      12      12      20      26      28      28      32      32      20      26      38      12      44      10       0       0       0       0       0       0       0       0       0       0       0       0       0       0       0       0       0       0       0       0       0       0       0       0       0       0       0       0       0       0       0       0       0       0       0       0
      12      42      16      10      24      18      18      14      24      38      12      12      20      26      28      28      32      32      20      26      38      12      44      10       0       0       0       0       0       0       0       0       0       0       0       0       0       0       0       0       0       0       0       0       0       0      16      14      24       0       0       0       0       0       0       0       0       0       0       0
      12      42      16      10      24      18      18      14      24      38      12      12      20      26      28      28      32      32      20      26      38      12      44      10       0       0       0       0       0       0       0       0       0       0       0       0       0       0       0       0       0       0       0       0       0       0      16      14      24      16      12      16      20      18      12      12      12      12      16      20
      12      42      16      10      24      18      18      14      24      38      12      12      20      26      28      28      32      32      20      26      38      12      44      10       0       0       0       0       0       0       0       0       0       0       0       0       0       0       0       0       0       0       0       0       0       0      16      14      24      16      12      16      20      18      12      12      12      12      16      20
      12      42      16      10      24      18      18      14      24      38      12      12      20      26      28      28      32      32      20      26      38      12      44      10       0       0       0       0       0       0       0       0       0       0       0       0       0       0       0       0       0       0       0       0       0       0      16      14      24      16      12      16      20      18      12      12      12      12      16      20
      12      42      16      10      24      18      18      14      24      38      12      12      20      26      28      28      32      32      20      26      38      12      44      10       0       0       0       0       0       0       0       0       0       0       0       0       0       0       0       0       0       0       0       0       0       0      16      14      24      16      12      16      20      18      12      12      12      12      16      20
      12      42      16      10      24      18      18      14      24      38      12      12      20      26      28      28      32      32      20      26      38      12      44      10       0       0       0       0       0       0       0       0       0       0       0       0       0       0       0       0       0       0       0       0       0       0      16      14      24      16      12      16      20      18      12      12      12      12      16      20
      12      42      16      10      24      18      18      14      24      38      12      12      20      26      28      28      32      32      20      26      38      12      44      10      20      16      30      16      24      14      42      16      16      20      26      28      20      24      20      20      28      26       4      28      20      18       0       0       0       0       0       0       0       0       0       0       0      12      16      20
      12      42      16      10      24      18      18      14      24      38      12      12      20      26      28      28      32      32      20      26      38      12      44      10      20      16      30      16      24      14      42      16      16      20      26      28      20      24      20      20      28      26       4      28      20      18       0       0       0       0       0       0       0       0       0       0       0      12      16      20
       0       0       0       0       0       0       0       0       0       0       0       0       0       0       0       0       0       0       0       0       0       0       0       0      20      16      30      16      24      14      42      16      16      20      26      28      20      24      20      20      28      26       4      28      20      18       0       0       0       0       0       0       0       0       0       0       0       0       0       0
       0       0       0       0       0       0       0       0       0       0       0       0       0       0       0       0       0       0       0       0       0       0       0       0      20      16      30      16      24      14      42      16      16      20      26      28      20      24      20      20      28      26       4      28      20      18       0       0       0       0       0       0       0       0       0       0       0       0       0       0
       0       0       0       0       0       0       0       0       0       0       0       0       0       0       0       0       0       0       0       0       0       0       0       0      20      16      30      16      24      14      42      16      16      20      26      28      20      24      20      20      28      26       4      28      20      18       0       0       0       0       0       0       0       0       0       0       0       0       0       0
       0       0       0       0       0       0       0       0       0       0       0       0       0       0       0       0       0       0       0       0       0       0       0       0      20      16      30      16      24      14      42      16      16      20      26      28      20      24      20      20      28      26       4      28      20      18       0       0       0       0       0       0       0       0       0       0       0       0       0       0
      14      300      286
      14      300      286
      14      300      286
      14      300      286
      14      300      286
      14      300      286
      14      300      286
      14      300      286
      14      300      286
      14      300      286
      14      300      286
      14      300      286
      14      300      286
      79      15      17      34      41      54     136      10      85      18     115     115     110      17      39      92     100      47     130      48      17     111      42      81      69     140       8      39     130      51      65      37     116     106      75      39      24      95      90       9     115      28      53      73     115      80       2       3      43      31      31      81     132      95      61      17      10      58      81      33
     379     315     317     334     341     354     436     310     385     318     415     415     410     317     339     392     400     347     430     348     317     411     342     381     369     440     308     339     430     351     365     337     416     406     375     339     324     395     390     309     415     328     353     373     415     380     302     303     343     331     331     381     432     395     361     317     310     358     381     333
       0      225        0        2
     175      125        1        3
     100      125        2        4
     100      125        3        5
     125      125        4        6
     100       75        5        7
     175        0        6        0
       0      175        0        9
     175        0        8       10
     125      100        9       11
     125      100       10       12
     100      125       11       13
     250        0       12        0
     200     200     175     150     150     175     150     150     175     175     225     150     225     175     200     200     175     175     200     175     200     200     225     150     200     275     300     175     275     250     200     275     225     200     300     200     200     300     300     225     350     350     350     375     375     350     275     275     350     350     325     325     325     350     275     250     250     275     275     300
      24      16       6       3       8       3