   60    13
      12      24      26      28      36      36       6      44      18      16      44      16      16      10      28      16      16      12      44      20      14      24      22      32       0       0       0       0       0       0       0       0       0       0       0       0       0       0       0       0       0       0       0       0       0       0       0       0       0       0       0       0       0       0       0       0       0       0       0       0
      12      24      26      28      36      36       6      44      18      16      44      16      16      10      28      16      16      12      44      20      14      24      22      32       0       0       0       0       0       0       0       0       0       0       0       0       0       0       0       0       0       0       0       0       0       0      20      16      24       0       0       0       0       0       0       0       0       0       0       0
      12      24      26      28      36      36       6      44      18      16      44      16      16      10      28      16      16      12      44      20      14      24      22      32       0       0       0       0       0       0       0       0       0       0       0       0       0       0       0       0       0       0       0       0       0       0      20      16      24       8      24      12      10      14      10      18      32      18      30      22
      12      24      26      28      36      36       6      44      18      16      44      16      16      10      28      16      16      12      44      20      14      24      22      32       0       0       0       0       0       0       0       0       0       0       0       0       0       0       0       0       0       0       0       0       0       0      20      16      24       8      24      12      10      14      10      18      32      18      30      22
      12      24      26      28      36      36       6      44      18      16      44      16      16      10      28      16      16      12      44      20      14      24      22      32       0       0       0       0       0       0       0       0       0       0       0       0       0       0       0       0       0       0       0       0       0       0      20      16      24       8      24      12      10      14      10      18      32      18      30      22
      12      24      26      28      36      36       6      44      18      16      44      16      16      10      28      16      16      12      44      20      14      24      22      32       0       0       0       0       0       0       0       0       0       0       0       0       0       0       0       0       0       0       0       0       0       0      20      16      24       8      24      12      10      14      10      18      32      18      30      22
      12      24      26      28      36      36       6      44      18      16      44      16      16      10      28      16      16      12      44      20      14      24      22      32       0       0       0       0       0       0       0       0       0       0       0       0       0       0       0       0       0       0       0       0       0       0      20      16      24       8      24      12      10      14      10      18      32      18      30      22
      12      24      26      28      36      36       6      44      18      16      44      16      16      10      28      16      16      12      44      20      14      24      22      32      22      24      14      28      18      28      12      18      22      16      20      12      20      12      16      20      22      24      16      24      22      18       0       0       0       0       0       0       0       0       0       0       0      18      30      22
      12      24      26      28      36      36       6      44      18      16      44      16      16      10      28      16      16      12      44      20      14      24      22      32      22      24      14      28      18      28      12      18      22      16      20      12      20      12      16      20      22      24      16      24      22      18       0       0       0       0       0       0       0       0       0       0       0      18      30      22
       0       0       0       0       0       0       0       0       0       0       0       0       0       0       0       0       0       0       0       0       0       0       0       0      22      24      14      28      18      28      12      18      22      16      20      12      20      12      16      20      22      24      16      24      22      18       0       0       0       0       0       0       0       0       0       0       0       0       0       0
       0       0       0       0       0       0       0       0       0       0       0       0       0       0       0       0       0       0       0       0       0       0       0       0      22      24      14      28      18      28      12      18      22      16      20      12      20      12      16      20      22      24      16      24      22      18       0       0       0       0       0       0       0       0       0       0       0       0       0       0
       0       0       0       0       0       0       0       0       0       0       0       0       0       0       0       0       0       0       0       0       0       0       0       0      22      24      14      28      18      28      12      18      22      16      20      12      20      12      16      20      22      24      16      24      22      18       0       0       0       0       0       0       0       0       0       0       0       0       0       0
       0       0       0       0       0       0       0       0       0       0       0       0       0       0       0       0       0       0       0       0       0       0       0       0      22      24      14      28      18      28      12      18      22      16      20      12      20      12      16      20      22      24      16      24      22      18       0       0       0       0       0       0       0       0       0       0       0       0       0       0
      14      300      286
      14      300      286
      14      300      286
      14      300      286
      14      300      286
      14      300      286
      14      300      286
      14      300      286
      14      300      286
      14      300      286
      14      300      286
      14      300      286
      14      300      286
      85     113      52      94      61     134      62     131     110     124     141     119      98      74     123     125     116      43      48      33      99      63     100      29      56      24      58      67     131      49      15      90      35      67     137     109      69      99      87      33     131     112      53      83      63      89     117     111      51      38      53      82     105      13      20      48      63       5      85     137
     385     413     352     394     361     434     362     431     410     424     441     419     398     374     423     425     416     343     348     333     399     363     400     329     356     324     358     367     431     349     315     390     335     367     437     409     369     399     387     333     431     412     353     383     363     389     417     411     351     338     353     382     405     313     320     348     363     305     385     437
       0      225        0        2
     175      125        1        3
     100      125        2        4
     100      125        3        5
     125      125        4        6
     100       75        5        7
     175        0        6        0
       0      175        0        9
     175        0        8       10
     125      100        9       11
     125      100       10       12
     100      125       11       13
     250        0       12        0
     200     225     175     175     200     150     175     175     175     175     200     150     225     225     175     175     175     200     200     175     150     150     150     200     300     200     300     175     225     275     200     275     200     275     200     300     275     200     250     175     400     375     350     350     350     375     350     350     275     325     350     325     325     350     375     325     325     275     275     275
      24      16       6       3       8       3