   60    13
      14      18      12      20      12      18      22      28      12      24      30      18      10      18      30      28      28      18      18      16      18      20      22      26       0       0       0       0       0       0       0       0       0       0       0       0       0       0       0       0       0       0       0       0       0       0       0       0       0       0       0       0       0       0       0       0       0       0       0       0
      14      18      12      20      12      18      22      28      12      24      30      18      10      18      30      28      28      18      18      16      18      20      22      26       0       0       0       0       0       0       0       0       0       0       0       0       0       0       0       0       0       0       0       0       0       0      22      16      14       0       0       0       0       0       0       0       0       0       0       0
      14      18      12      20      12      18      22      28      12      24      30      18      10      18      30      28      28      18      18      16      18      20      22      26       0       0       0       0       0       0       0       0       0       0       0       0       0       0       0       0       0       0       0       0       0       0      22      16      14      14      18       8      10      16      18      12      28      26      16      16
      14      18      12      20      12      18      22      28      12      24      30      18      10      18      30      28      28      18      18      16      18      20      22      26       0       0       0       0       0       0       0       0       0       0       0       0       0       0       0       0       0       0       0       0       0       0      22      16      14      14      18       8      10      16      18      12      28      26      16      16
      14      18      12      20      12      18      22      28      12      24      30      18      10      18      30      28      28      18      18      16      18      20      22      26       0       0       0       0       0       0       0       0       0       0       0       0       0       0       0       0       0       0       0       0       0       0      22      16      14      14      18       8      10      16      18      12      28      26      16      16
      14      18      12      20      12      18      22      28      12      24      30      18      10      18      30      28      28      18      18      16      18      20      22      26       0       0       0       0       0       0       0       0       0       0       0       0       0       0       0       0       0       0       0       0       0       0      22      16      14      14      18       8      10      16      18      12      28      26      16      16
      14      18      12      20      12      18      22      28      12      24      30      18      10      18      30      28      28      18      18      16      18      20      22      26       0       0       0       0       0       0       0       0       0       0       0       0       0       0       0       0       0       0       0       0       0       0      22      16      14      14      18       8      10      16      18      12      28      26      16      16
      14      18      12      20      12      18      22      28      12      24      30      18      10      18      30      28      28      18      18      16      18      20      22      26      14      14      18      28      20      32      20      18      18      26      26      16      24      28      22      28      22      18      24      36      22      22       0       0       0       0       0       0       0       0       0       0       0      26      16      16
      14      18      12      20      12      18      22      28      12      24      30      18      10      18      30      28      28      18      18      16      18      20      22      26      14      14      18      28      20      32      20      18      18      26      26      16      24      28      22      28      22      18      24      36      22      22       0       0       0       0       0       0       0       0       0       0       0      26      16      16
       0       0       0       0       0       0       0       0       0       0       0       0       0       0       0       0       0       0       0       0       0       0       0       0      14      14      18      28      20      32      20      18      18      26      26      16      24      28      22      28      22      18      24      36      22      22       0       0       0       0       0       0       0       0       0       0       0       0       0       0
       0       0       0       0       0       0       0       0       0       0       0       0       0       0       0       0       0       0       0       0       0       0       0       0      14      14      18      28      20      32      20      18      18      26      26      16      24      28      22      28      22      18      24      36      22      22       0       0       0       0       0       0       0       0       0       0       0       0       0       0
       0       0       0       0       0       0       0       0       0       0       0       0       0       0       0       0       0       0       0       0       0       0       0       0      14      14      18      28      20      32      20      18      18      26      26      16      24      28      22      28      22      18      24      36      22      22       0       0       0       0       0       0       0       0       0       0       0       0       0       0
       0       0       0       0       0       0       0       0       0       0       0       0       0       0       0       0       0       0       0       0       0       0       0       0      14      14      18      28      20      32      20      18      18      26      26      16      24      28      22      28      22      18      24      36      22      22       0       0       0       0       0       0       0       0       0       0       0       0       0       0
      14      300      286
      14      300      286
      14      300      286
      14      300      286
      14      300      286
      14      300      286
      14      300      286
      14      300      286
      14      300      286
      14      300      286
      14      300      286
      14      300      286
      14      300      286
      90      67      88      11      82      70     131     109     136      86      22     123      86     132      63      13     133      39     110      18      54     113      59      47      37      12     128     102      17      84      31       3      33      66      13      87      63      96     101     130       3     116     105      48      87       6      45      55     139     138      75      89     101      75      11      66      86       5     135      66
     390     367     388     311     382     370     431     409     436     386     322     423     386     432     363     313     433     339     410     318     354     413     359     347     337     312     428     402     317     384     331     303     333     366     313     387     363     396     401     430     303     416     405     348     387     306     345     355     439     438     375     389     401     375     311     366     386     305     435     366
       0      225        0        2
     175      125        1        3
     100      125        2        4
     100      125        3        5
     125      125        4        6
     100       75        5        7
     175        0        6        0
       0      175        0        9
     175        0        8       10
     125      100        9       11
     125      100       10       12
     100      125       11       13
     250        0       12        0
     200     175     200     175     175     200     200     200     200     200     175     150     225     150     150     225     200     150     175     150     150     200     200     200     225     225     275     275     200     200     175     225     175     275     200     225     225     300     275     150     350     350     375     350     350     400     275     350     350     325     350     325     350     350     350     325     350     250     250     300
      24      16       6       3       8       3