   60    13
      14      12      20      16      16      32      14      20      34      10      22      22      28      28      30      16      14      24      36      12      26      16      22      24       0       0       0       0       0       0       0       0       0       0       0       0       0       0       0       0       0       0       0       0       0       0       0       0       0       0       0       0       0       0       0       0       0       0       0       0
      14      12      20      16      16      32      14      20      34      10      22      22      28      28      30      16      14      24      36      12      26      16      22      24       0       0       0       0       0       0       0       0       0       0       0       0       0       0       0       0       0       0       0       0       0       0      26      12      20       0       0       0       0       0       0       0       0       0       0       0
      14      12      20      16      16      32      14      20      34      10      22      22      28      28      30      16      14      24      36      12      26      16      22      24       0       0       0       0       0       0       0       0       0       0       0       0       0       0       0       0       0       0       0       0       0       0      26      12      20      18      18      18      18      32       8      16      20      12      16      40
      14      12      20      16      16      32      14      20      34      10      22      22      28      28      30      16      14      24      36      12      26      16      22      24       0       0       0       0       0       0       0       0       0       0       0       0       0       0       0       0       0       0       0       0       0       0      26      12      20      18      18      18      18      32       8      16      20      12      16      40
      14      12      20      16      16      32      14      20      34      10      22      22      28      28      30      16      14      24      36      12      26      16      22      24       0       0       0       0       0       0       0       0       0       0       0       0       0       0       0       0       0       0       0       0       0       0      26      12      20      18      18      18      18      32       8      16      20      12      16      40
      14      12      20      16      16      32      14      20      34      10      22      22      28      28      30      16      14      24      36      12      26      16      22      24       0       0       0       0       0       0       0       0       0       0       0       0       0       0       0       0       0       0       0       0       0       0      26      12      20      18      18      18      18      32       8      16      20      12      16      40
      14      12      20      16      16      32      14      20      34      10      22      22      28      28      30      16      14      24      36      12      26      16      22      24       0       0       0       0       0       0       0       0       0       0       0       0       0       0       0       0       0       0       0       0       0       0      26      12      20      18      18      18      18      32       8      16      20      12      16      40
      14      12      20      16      16      32      14      20      34      10      22      22      28      28      30      16      14      24      36      12      26      16      22      24      22      22      24      28      26      12      26      18      12      20      12      18      26      26      28      18      20      22      20      20      22      36       0       0       0       0       0       0       0       0       0       0       0      12      16      40
      14      12      20      16      16      32      14      20      34      10      22      22      28      28      30      16      14      24      36      12      26      16      22      24      22      22      24      28      26      12      26      18      12      20      12      18      26      26      28      18      20      22      20      20      22      36       0       0       0       0       0       0       0       0       0       0       0      12      16      40
       0       0       0       0       0       0       0       0       0       0       0       0       0       0       0       0       0       0       0       0       0       0       0       0      22      22      24      28      26      12      26      18      12      20      12      18      26      26      28      18      20      22      20      20      22      36       0       0       0       0       0       0       0       0       0       0       0       0       0       0
       0       0       0       0       0       0       0       0       0       0       0       0       0       0       0       0       0       0       0       0       0       0       0       0      22      22      24      28      26      12      26      18      12      20      12      18      26      26      28      18      20      22      20      20      22      36       0       0       0       0       0       0       0       0       0       0       0       0       0       0
       0       0       0       0       0       0       0       0       0       0       0       0       0       0       0       0       0       0       0       0       0       0       0       0      22      22      24      28      26      12      26      18      12      20      12      18      26      26      28      18      20      22      20      20      22      36       0       0       0       0       0       0       0       0       0       0       0       0       0       0
       0       0       0       0       0       0       0       0       0       0       0       0       0       0       0       0       0       0       0       0       0       0       0       0      22      22      24      28      26      12      26      18      12      20      12      18      26      26      28      18      20      22      20      20      22      36       0       0       0       0       0       0       0       0       0       0       0       0       0       0
      14      300      286
      14      300      286
      14      300      286
      14      300      286
      14      300      286
      14      300      286
      14      300      286
      14      300      286
      14      300      286
      14      300      286
      14      300      286
      14      300      286
      14      300      286
      96      22     124      71     102       6      57      86      17      47      47     126      74      45       3      45       6      36      28       3       9      18      19      66      19     143      53     137      48     119      47      61      30      65      32      64      57      92     116      83      18     119      13      12     111      67     117      37      99      75     139      14     130      10      19      37      92     128     112      37
     396     322     424     371     402     306     357     386     317     347     347     426     374     345     303     345     306     336     328     303     309     318     319     366     319     443     353     437     348     419     347     361     330     365     332     364     357     392     416     383     318     419     313     312     411     367     417     337     399     375     439     314     430     310     319     337     392     428     412     337
       0      225        0        2
     175      125        1        3
     100      125        2        4
     100      125        3        5
     125      125        4        6
     100       75        5        7
     175        0        6        0
       0      175        0        9
     175        0        8       10
     125      100        9       11
     125      100       10       12
     100      125       11       13
     250        0       12        0
     200     200     225     175     150     175     150     200     200     225     225     175     225     175     200     200     200     175     175     225     150     225     200     225     300     175     225     225     300     275     275     175     250     250     200     200     200     225     275     150     350     375     375     350     375     350     350     275     350     350     350     250     350     325     350     350     275     275     250     275
      24      16       6       3       8       3