   60    13
      24      44      28      12      18      22      20      18      14      28      20      24      24      44      30      20      18      16      12      20      18      16      22      22       0       0       0       0       0       0       0       0       0       0       0       0       0       0       0       0       0       0       0       0       0       0       0       0       0       0       0       0       0       0       0       0       0       0       0       0
      24      44      28      12      18      22      20      18      14      28      20      24      24      44      30      20      18      16      12      20      18      16      22      22       0       0       0       0       0       0       0       0       0       0       0       0       0       0       0       0       0       0       0       0       0       0      14      36      20       0       0       0       0       0       0       0       0       0       0       0
      24      44      28      12      18      22      20      18      14      28      20      24      24      44      30      20      18      16      12      20      18      16      22      22       0       0       0       0       0       0       0       0       0       0       0       0       0       0       0       0       0       0       0       0       0       0      14      36      20      10      16      20      32      12       8      12      24      26      18      18
      24      44      28      12      18      22      20      18      14      28      20      24      24      44      30      20      18      16      12      20      18      16      22      22       0       0       0       0       0       0       0       0       0       0       0       0       0       0       0       0       0       0       0       0       0       0      14      36      20      10      16      20      32      12       8      12      24      26      18      18
      24      44      28      12      18      22      20      18      14      28      20      24      24      44      30      20      18      16      12      20      18      16      22      22       0       0       0       0       0       0       0       0       0       0       0       0       0       0       0       0       0       0       0       0       0       0      14      36      20      10      16      20      32      12       8      12      24      26      18      18
      24      44      28      12      18      22      20      18      14      28      20      24      24      44      30      20      18      16      12      20      18      16      22      22       0       0       0       0       0       0       0       0       0       0       0       0       0       0       0       0       0       0       0       0       0       0      14      36      20      10      16      20      32      12       8      12      24      26      18      18
      24      44      28      12      18      22      20      18      14      28      20      24      24      44      30      20      18      16      12      20      18      16      22      22       0       0       0       0       0       0       0       0       0       0       0       0       0       0       0       0       0       0       0       0       0       0      14      36      20      10      16      20      32      12       8      12      24      26      18      18
      24      44      28      12      18      22      20      18      14      28      20      24      24      44      30      20      18      16      12      20      18      16      22      22      26      18      26      18      28      14      20      18      30      24      16      20      18      16      20      12      20      22      22      36      22      18       0       0       0       0       0       0       0       0       0       0       0      26      18      18
      24      44      28      12      18      22      20      18      14      28      20      24      24      44      30      20      18      16      12      20      18      16      22      22      26      18      26      18      28      14      20      18      30      24      16      20      18      16      20      12      20      22      22      36      22      18       0       0       0       0       0       0       0       0       0       0       0      26      18      18
       0       0       0       0       0       0       0       0       0       0       0       0       0       0       0       0       0       0       0       0       0       0       0       0      26      18      26      18      28      14      20      18      30      24      16      20      18      16      20      12      20      22      22      36      22      18       0       0       0       0       0       0       0       0       0       0       0       0       0       0
       0       0       0       0       0       0       0       0       0       0       0       0       0       0       0       0       0       0       0       0       0       0       0       0      26      18      26      18      28      14      20      18      30      24      16      20      18      16      20      12      20      22      22      36      22      18       0       0       0       0       0       0       0       0       0       0       0       0       0       0
       0       0       0       0       0       0       0       0       0       0       0       0       0       0       0       0       0       0       0       0       0       0       0       0      26      18      26      18      28      14      20      18      30      24      16      20      18      16      20      12      20      22      22      36      22      18       0       0       0       0       0       0       0       0       0       0       0       0       0       0
       0       0       0       0       0       0       0       0       0       0       0       0       0       0       0       0       0       0       0       0       0       0       0       0      26      18      26      18      28      14      20      18      30      24      16      20      18      16      20      12      20      22      22      36      22      18       0       0       0       0       0       0       0       0       0       0       0       0       0       0
      14      300      286
      14      300      286
      14      300      286
      14      300      286
      14      300      286
      14      300      286
      14      300      286
      14      300      286
      14      300      286
      14      300      286
      14      300      286
      14      300      286
      14      300      286
      27     143      70      29     112     118      92      75     102      28      59      56      68       2      45     133      14     106      58     140     130     115     143       3      82     137      88      83     135      64      55      89      29      64      42      53     125      91      51     131      26      49      39     139      51      26      81      45      54      72     107      27      96      97      69      22      49      78      67     104
     327     443     370     329     412     418     392     375     402     328     359     356     368     302     345     433     314     406     358     440     430     415     443     303     382     437     388     383     435     364     355     389     329     364     342     353     425     391     351     431     326     349     339     439     351     326     381     345     354     372     407     327     396     397     369     322     349     378     367     404
       0      225        0        2
     175      125        1        3
     100      125        2        4
     100      125        3        5
     125      125        4        6
     100       75        5        7
     175        0        6        0
       0      175        0        9
     175        0        8       10
     125      100        9       11
     125      100       10       12
     100      125       11       13
     250        0       12        0
     200     175     150     150     175     175     175     175     225     175     200     175     225     200     175     175     200     175     175     225     175     200     225     225     200     250     175     175     275     175     275     300     225     200     250     200     175     300     200     300     350     375     350     375     350     375     275     275     275     350     275     350     350     350     325     350     325     275     275     300
      24      16       6       3       8       3