   60    13
      26      24      14      32      22      12      12      16      44      14      18      30      18      16      32       8      42      20      22      16      24      12      24      20       0       0       0       0       0       0       0       0       0       0       0       0       0       0       0       0       0       0       0       0       0       0       0       0       0       0       0       0       0       0       0       0       0       0       0       0
      26      24      14      32      22      12      12      16      44      14      18      30      18      16      32       8      42      20      22      16      24      12      24      20       0       0       0       0       0       0       0       0       0       0       0       0       0       0       0       0       0       0       0       0       0       0      16      24      36       0       0       0       0       0       0       0       0       0       0       0
      26      24      14      32      22      12      12      16      44      14      18      30      18      16      32       8      42      20      22      16      24      12      24      20       0       0       0       0       0       0       0       0       0       0       0       0       0       0       0       0       0       0       0       0       0       0      16      24      36      16      14      16      26      16      16      26      20      14      26      14
      26      24      14      32      22      12      12      16      44      14      18      30      18      16      32       8      42      20      22      16      24      12      24      20       0       0       0       0       0       0       0       0       0       0       0       0       0       0       0       0       0       0       0       0       0       0      16      24      36      16      14      16      26      16      16      26      20      14      26      14
      26      24      14      32      22      12      12      16      44      14      18      30      18      16      32       8      42      20      22      16      24      12      24      20       0       0       0       0       0       0       0       0       0       0       0       0       0       0       0       0       0       0       0       0       0       0      16      24      36      16      14      16      26      16      16      26      20      14      26      14
      26      24      14      32      22      12      12      16      44      14      18      30      18      16      32       8      42      20      22      16      24      12      24      20       0       0       0       0       0       0       0       0       0       0       0       0       0       0       0       0       0       0       0       0       0       0      16      24      36      16      14      16      26      16      16      26      20      14      26      14
      26      24      14      32      22      12      12      16      44      14      18      30      18      16      32       8      42      20      22      16      24      12      24      20       0       0       0       0       0       0       0       0       0       0       0       0       0       0       0       0       0       0       0       0       0       0      16      24      36      16      14      16      26      16      16      26      20      14      26      14
      26      24      14      32      22      12      12      16      44      14      18      30      18      16      32       8      42      20      22      16      24      12      24      20      16      26      12      18      14      16      26      18      24      18      20      22      20      12      26      20      20      30      18      20      22      22       0       0       0       0       0       0       0       0       0       0       0      14      26      14
      26      24      14      32      22      12      12      16      44      14      18      30      18      16      32       8      42      20      22      16      24      12      24      20      16      26      12      18      14      16      26      18      24      18      20      22      20      12      26      20      20      30      18      20      22      22       0       0       0       0       0       0       0       0       0       0       0      14      26      14
       0       0       0       0       0       0       0       0       0       0       0       0       0       0       0       0       0       0       0       0       0       0       0       0      16      26      12      18      14      16      26      18      24      18      20      22      20      12      26      20      20      30      18      20      22      22       0       0       0       0       0       0       0       0       0       0       0       0       0       0
       0       0       0       0       0       0       0       0       0       0       0       0       0       0       0       0       0       0       0       0       0       0       0       0      16      26      12      18      14      16      26      18      24      18      20      22      20      12      26      20      20      30      18      20      22      22       0       0       0       0       0       0       0       0       0       0       0       0       0       0
       0       0       0       0       0       0       0       0       0       0       0       0       0       0       0       0       0       0       0       0       0       0       0       0      16      26      12      18      14      16      26      18      24      18      20      22      20      12      26      20      20      30      18      20      22      22       0       0       0       0       0       0       0       0       0       0       0       0       0       0
       0       0       0       0       0       0       0       0       0       0       0       0       0       0       0       0       0       0       0       0       0       0       0       0      16      26      12      18      14      16      26      18      24      18      20      22      20      12      26      20      20      30      18      20      22      22       0       0       0       0       0       0       0       0       0       0       0       0       0       0
      14      300      286
      14      300      286
      14      300      286
      14      300      286
      14      300      286
      14      300      286
      14      300      286
      14      300      286
      14      300      286
      14      300      286
      14      300      286
      14      300      286
      14      300      286
      33      97     105      90     132      54      17      52     127     134      85      60      55      59     129      21      31     102     120     125      85      20     103      22      64     125      13     118      21      99      71       3      27      63      61      30     119      87      65      84      41      53      91     103      74      87       9     134     142      28     128      33      92      15      60      41      72      78     117      33
     333     397     405     390     432     354     317     352     427     434     385     360     355     359     429     321     331     402     420     425     385     320     403     322     364     425     313     418     321     399     371     303     327     363     361     330     419     387     365     384     341     353     391     403     374     387     309     434     442     328     428     333     392     315     360     341     372     378     417     333
       0      225        0        2
     175      125        1        3
     100      125        2        4
     100      125        3        5
     125      125        4        6
     100       75        5        7
     175        0        6        0
       0      175        0        9
     175        0        8       10
     125      100        9       11
     125      100       10       12
     100      125       11       13
     250        0       12        0
     200     175     175     150     150     225     200     200     150     200     175     175     150     225     150     225     225     200     175     200     175     150     200     150     275     175     275     275     200     225     225     225     175     200     225     275     275     225     225     300     350     350     350     375     350     375     350     350     350     350     325     325     350     350     375     350     325     250     275     275
      24      16       6       3       8       3