   60    13
      14      20      18      26      26      32      18      14      16      32      16      36      16      20      32      16      14      14      30      24      16      10      24      18       0       0       0       0       0       0       0       0       0       0       0       0       0       0       0       0       0       0       0       0       0       0       0       0       0       0       0       0       0       0       0       0       0       0       0       0
      14      20      18      26      26      32      18      14      16      32      16      36      16      20      32      16      14      14      30      24      16      10      24      18       0       0       0       0       0       0       0       0       0       0       0       0       0       0       0       0       0       0       0       0       0       0      24      16      24       0       0       0       0       0       0       0       0       0       0       0
      14      20      18      26      26      32      18      14      16      32      16      36      16      20      32      16      14      14      30      24      16      10      24      18       0       0       0       0       0       0       0       0       0       0       0       0       0       0       0       0       0       0       0       0       0       0      24      16      24       8      32      20      18      24      26      24      10      12      40      40
      14      20      18      26      26      32      18      14      16      32      16      36      16      20      32      16      14      14      30      24      16      10      24      18       0       0       0       0       0       0       0       0       0       0       0       0       0       0       0       0       0       0       0       0       0       0      24      16      24       8      32      20      18      24      26      24      10      12      40      40
      14      20      18      26      26      32      18      14      16      32      16      36      16      20      32      16      14      14      30      24      16      10      24      18       0       0       0       0       0       0       0       0       0       0       0       0       0       0       0       0       0       0       0       0       0       0      24      16      24       8      32      20      18      24      26      24      10      12      40      40
      14      20      18      26      26      32      18      14      16      32      16      36      16      20      32      16      14      14      30      24      16      10      24      18       0       0       0       0       0       0       0       0       0       0       0       0       0       0       0       0       0       0       0       0       0       0      24      16      24       8      32      20      18      24      26      24      10      12      40      40
      14      20      18      26      26      32      18      14      16      32      16      36      16      20      32      16      14      14      30      24      16      10      24      18       0       0       0       0       0       0       0       0       0       0       0       0       0       0       0       0       0       0       0       0       0       0      24      16      24       8      32      20      18      24      26      24      10      12      40      40
      14      20      18      26      26      32      18      14      16      32      16      36      16      20      32      16      14      14      30      24      16      10      24      18      20      20      16      26      16      16      20      16      20      24      22      24      10      20      20      30      20      28      28      22      18      20       0       0       0       0       0       0       0       0       0       0       0      12      40      40
      14      20      18      26      26      32      18      14      16      32      16      36      16      20      32      16      14      14      30      24      16      10      24      18      20      20      16      26      16      16      20      16      20      24      22      24      10      20      20      30      20      28      28      22      18      20       0       0       0       0       0       0       0       0       0       0       0      12      40      40
       0       0       0       0       0       0       0       0       0       0       0       0       0       0       0       0       0       0       0       0       0       0       0       0      20      20      16      26      16      16      20      16      20      24      22      24      10      20      20      30      20      28      28      22      18      20       0       0       0       0       0       0       0       0       0       0       0       0       0       0
       0       0       0       0       0       0       0       0       0       0       0       0       0       0       0       0       0       0       0       0       0       0       0       0      20      20      16      26      16      16      20      16      20      24      22      24      10      20      20      30      20      28      28      22      18      20       0       0       0       0       0       0       0       0       0       0       0       0       0       0
       0       0       0       0       0       0       0       0       0       0       0       0       0       0       0       0       0       0       0       0       0       0       0       0      20      20      16      26      16      16      20      16      20      24      22      24      10      20      20      30      20      28      28      22      18      20       0       0       0       0       0       0       0       0       0       0       0       0       0       0
       0       0       0       0       0       0       0       0       0       0       0       0       0       0       0       0       0       0       0       0       0       0       0       0      20      20      16      26      16      16      20      16      20      24      22      24      10      20      20      30      20      28      28      22      18      20       0       0       0       0       0       0       0       0       0       0       0       0       0       0
      14      300      286
      14      300      286
      14      300      286
      14      300      286
      14      300      286
      14      300      286
      14      300      286
      14      300      286
      14      300      286
      14      300      286
      14      300      286
      14      300      286
      14      300      286
     108      74      51      48     142      22      52      41      68     115      97     134      49      16      27     110      39      28       7     118      62     117      83     103     127     119      48      64     109      44      79      31      26      62      71      19      44      85       5     139      67     120     143     142       3      57      11     107      40     104      67     114      80      49      39      49       3      78      37      49
     408     374     351     348     442     322     352     341     368     415     397     434     349     316     327     410     339     328     307     418     362     417     383     403     427     419     348     364     409     344     379     331     326     362     371     319     344     385     305     439     367     420     443     442     303     357     311     407     340     404     367     414     380     349     339     349     303     378     337     349
       0      225        0        2
     175      125        1        3
     100      125        2        4
     100      125        3        5
     125      125        4        6
     100       75        5        7
     175        0        6        0
       0      175        0        9
     175        0        8       10
     125      100        9       11
     125      100       10       12
     100      125       11       13
     250        0       12        0
     200     150     175     200     175     200     225     150     150     175     150     175     150     150     150     200     225     225     150     200     225     200     150     150     300     250     200     200     200     275     200     200     300     250     175     250     225     275     200     200     350     350     400     375     375     350     350     275     350     325     350     350     300     325     325     350     350     275     275     250
      24      16       6       3       8       3