   60    13
      16      16      32      18      42      16       8      44      10      14      12      10       8      36      32      30      22      18      14      20      22      36      24      16       0       0       0       0       0       0       0       0       0       0       0       0       0       0       0       0       0       0       0       0       0       0       0       0       0       0       0       0       0       0       0       0       0       0       0       0
      16      16      32      18      42      16       8      44      10      14      12      10       8      36      32      30      22      18      14      20      22      36      24      16       0       0       0       0       0       0       0       0       0       0       0       0       0       0       0       0       0       0       0       0       0       0      22      20      20       0       0       0       0       0       0       0       0       0       0       0
      16      16      32      18      42      16       8      44      10      14      12      10       8      36      32      30      22      18      14      20      22      36      24      16       0       0       0       0       0       0       0       0       0       0       0       0       0       0       0       0       0       0       0       0       0       0      22      20      20      12      12      12      22      12      28      24      18      14      30      16
      16      16      32      18      42      16       8      44      10      14      12      10       8      36      32      30      22      18      14      20      22      36      24      16       0       0       0       0       0       0       0       0       0       0       0       0       0       0       0       0       0       0       0       0       0       0      22      20      20      12      12      12      22      12      28      24      18      14      30      16
      16      16      32      18      42      16       8      44      10      14      12      10       8      36      32      30      22      18      14      20      22      36      24      16       0       0       0       0       0       0       0       0       0       0       0       0       0       0       0       0       0       0       0       0       0       0      22      20      20      12      12      12      22      12      28      24      18      14      30      16
      16      16      32      18      42      16       8      44      10      14      12      10       8      36      32      30      22      18      14      20      22      36      24      16       0       0       0       0       0       0       0       0       0       0       0       0       0       0       0       0       0       0       0       0       0       0      22      20      20      12      12      12      22      12      28      24      18      14      30      16
      16      16      32      18      42      16       8      44      10      14      12      10       8      36      32      30      22      18      14      20      22      36      24      16       0       0       0       0       0       0       0       0       0       0       0       0       0       0       0       0       0       0       0       0       0       0      22      20      20      12      12      12      22      12      28      24      18      14      30      16
      16      16      32      18      42      16       8      44      10      14      12      10       8      36      32      30      22      18      14      20      22      36      24      16      40      32      20      26      20      18      28      16      16      16      26      26      14      18      26      24      18      22      18      20      22      18       0       0       0       0       0       0       0       0       0       0       0      14      30      16
      16      16      32      18      42      16       8      44      10      14      12      10       8      36      32      30      22      18      14      20      22      36      24      16      40      32      20      26      20      18      28      16      16      16      26      26      14      18      26      24      18      22      18      20      22      18       0       0       0       0       0       0       0       0       0       0       0      14      30      16
       0       0       0       0       0       0       0       0       0       0       0       0       0       0       0       0       0       0       0       0       0       0       0       0      40      32      20      26      20      18      28      16      16      16      26      26      14      18      26      24      18      22      18      20      22      18       0       0       0       0       0       0       0       0       0       0       0       0       0       0
       0       0       0       0       0       0       0       0       0       0       0       0       0       0       0       0       0       0       0       0       0       0       0       0      40      32      20      26      20      18      28      16      16      16      26      26      14      18      26      24      18      22      18      20      22      18       0       0       0       0       0       0       0       0       0       0       0       0       0       0
       0       0       0       0       0       0       0       0       0       0       0       0       0       0       0       0       0       0       0       0       0       0       0       0      40      32      20      26      20      18      28      16      16      16      26      26      14      18      26      24      18      22      18      20      22      18       0       0       0       0       0       0       0       0       0       0       0       0       0       0
       0       0       0       0       0       0       0       0       0       0       0       0       0       0       0       0       0       0       0       0       0       0       0       0      40      32      20      26      20      18      28      16      16      16      26      26      14      18      26      24      18      22      18      20      22      18       0       0       0       0       0       0       0       0       0       0       0       0       0       0
      14      300      286
      14      300      286
      14      300      286
      14      300      286
      14      300      286
      14      300      286
      14      300      286
      14      300      286
      14      300      286
      14      300      286
      14      300      286
      14      300      286
      14      300      286
     114      28      87     108      18     102     121      18      93      76     122     137      37      73     111     142      56      24      69     103      17      22      43     122     108     106     118      99     139      79      95      89      24      60      91     141      37      82      15      86      65     130      25      50      38     107      45     123      57     106      16     115      87      37     119     141      35       6      48      70
     414     328     387     408     318     402     421     318     393     376     422     437     337     373     411     442     356     324     369     403     317     322     343     422     408     406     418     399     439     379     395     389     324     360     391     441     337     382     315     386     365     430     325     350     338     407     345     423     357     406     316     415     387     337     419     441     335     306     348     370
       0      225        0        2
     175      125        1        3
     100      125        2        4
     100      125        3        5
     125      125        4        6
     100       75        5        7
     175        0        6        0
       0      175        0        9
     175        0        8       10
     125      100        9       11
     125      100       10       12
     100      125       11       13
     250        0       12        0
     200     175     200     225     150     175     175     175     175     200     225     175     150     175     200     175     150     150     150     175     225     150     200     150     225     175     175     175     300     200     200     300     225     250     150     200     200     225     175     300     375     350     375     400     350     375     350     275     275     350     350     350     350     350     350     325     325     275     250     275
      24      16       6       3       8       3