   60    13
      30      32      18      10      16      22      42      24      14      16      36      16      24      18      36      20      16      16      40      24      20      24      24      14       0       0       0       0       0       0       0       0       0       0       0       0       0       0       0       0       0       0       0       0       0       0       0       0       0       0       0       0       0       0       0       0       0       0       0       0
      30      32      18      10      16      22      42      24      14      16      36      16      24      18      36      20      16      16      40      24      20      24      24      14       0       0       0       0       0       0       0       0       0       0       0       0       0       0       0       0       0       0       0       0       0       0      14      18      14       0       0       0       0       0       0       0       0       0       0       0
      30      32      18      10      16      22      42      24      14      16      36      16      24      18      36      20      16      16      40      24      20      24      24      14       0       0       0       0       0       0       0       0       0       0       0       0       0       0       0       0       0       0       0       0       0       0      14      18      14      26      10       8      18      10      12      20      18      14      34      16
      30      32      18      10      16      22      42      24      14      16      36      16      24      18      36      20      16      16      40      24      20      24      24      14       0       0       0       0       0       0       0       0       0       0       0       0       0       0       0       0       0       0       0       0       0       0      14      18      14      26      10       8      18      10      12      20      18      14      34      16
      30      32      18      10      16      22      42      24      14      16      36      16      24      18      36      20      16      16      40      24      20      24      24      14       0       0       0       0       0       0       0       0       0       0       0       0       0       0       0       0       0       0       0       0       0       0      14      18      14      26      10       8      18      10      12      20      18      14      34      16
      30      32      18      10      16      22      42      24      14      16      36      16      24      18      36      20      16      16      40      24      20      24      24      14       0       0       0       0       0       0       0       0       0       0       0       0       0       0       0       0       0       0       0       0       0       0      14      18      14      26      10       8      18      10      12      20      18      14      34      16
      30      32      18      10      16      22      42      24      14      16      36      16      24      18      36      20      16      16      40      24      20      24      24      14       0       0       0       0       0       0       0       0       0       0       0       0       0       0       0       0       0       0       0       0       0       0      14      18      14      26      10       8      18      10      12      20      18      14      34      16
      30      32      18      10      16      22      42      24      14      16      36      16      24      18      36      20      16      16      40      24      20      24      24      14      24      14      28      18      26      20      30      16      28      16      16      12      26      24      24      28      16      34      34      20      22      26       0       0       0       0       0       0       0       0       0       0       0      14      34      16
      30      32      18      10      16      22      42      24      14      16      36      16      24      18      36      20      16      16      40      24      20      24      24      14      24      14      28      18      26      20      30      16      28      16      16      12      26      24      24      28      16      34      34      20      22      26       0       0       0       0       0       0       0       0       0       0       0      14      34      16
       0       0       0       0       0       0       0       0       0       0       0       0       0       0       0       0       0       0       0       0       0       0       0       0      24      14      28      18      26      20      30      16      28      16      16      12      26      24      24      28      16      34      34      20      22      26       0       0       0       0       0       0       0       0       0       0       0       0       0       0
       0       0       0       0       0       0       0       0       0       0       0       0       0       0       0       0       0       0       0       0       0       0       0       0      24      14      28      18      26      20      30      16      28      16      16      12      26      24      24      28      16      34      34      20      22      26       0       0       0       0       0       0       0       0       0       0       0       0       0       0
       0       0       0       0       0       0       0       0       0       0       0       0       0       0       0       0       0       0       0       0       0       0       0       0      24      14      28      18      26      20      30      16      28      16      16      12      26      24      24      28      16      34      34      20      22      26       0       0       0       0       0       0       0       0       0       0       0       0       0       0
       0       0       0       0       0       0       0       0       0       0       0       0       0       0       0       0       0       0       0       0       0       0       0       0      24      14      28      18      26      20      30      16      28      16      16      12      26      24      24      28      16      34      34      20      22      26       0       0       0       0       0       0       0       0       0       0       0       0       0       0
      14      300      286
      14      300      286
      14      300      286
      14      300      286
      14      300      286
      14      300      286
      14      300      286
      14      300      286
      14      300      286
      14      300      286
      14      300      286
      14      300      286
      14      300      286
      51     103      68     127      49       6      82     129      59      19      16      71      19      87      93     118      81      90      18      81      93      24     126      78       9      88      78      80     113      59     120      31      21      58     120     107     100      77     108      87      88      63     102     141       2     126      81     112     117      39      48      53      82      58      33      97     141      79     123     108
     351     403     368     427     349     306     382     429     359     319     316     371     319     387     393     418     381     390     318     381     393     324     426     378     309     388     378     380     413     359     420     331     321     358     420     407     400     377     408     387     388     363     402     441     302     426     381     412     417     339     348     353     382     358     333     397     441     379     423     408
       0      225        0        2
     175      125        1        3
     100      125        2        4
     100      125        3        5
     125      125        4        6
     100       75        5        7
     175        0        6        0
       0      175        0        9
     175        0        8       10
     125      100        9       11
     125      100       10       12
     100      125       11       13
     250        0       12        0
     200     175     150     175     150     150     225     150     175     175     175     175     150     225     150     200     150     200     200     150     175     175     225     175     200     175     200     200     200     300     300     200     300     200     200     300     300     200     275     300     375     375     350     350     350     350     350     275     275     375     275     350     350     325     350     350     375     275     275     275
      24      16       6       3       8       3